0.112839 228.872759 214.027141 192.749209
0.121533 170.321569 83.435431 128.805639
0.129933 176.691517 60.093483 122.677267
0.138074 140.371691 62.099009 82.682121
0.145988 144.872019 50.072881 80.306119
0.153699 151.318022 43.694078 78.109312
0.161227 154.151540 38.003360 75.549600
0.168589 153.804305 43.247895 68.976945
0.175800 153.337732 35.662768 68.471572
0.182872 151.235706 33.200294 65.613456
0.189818 149.331404 34.733796 62.247394
0.196645 136.937201 29.411299 55.343491
0.203363 131.878285 29.381015 51.197925
0.209980 129.763456 28.929444 49.292556
0.216501 124.367197 29.155503 45.262057
0.222934 135.162711 16.493789 55.979401
0.229283 122.238127 26.572073 44.095047
0.235554 127.758292 14.345508 52.347572
0.241751 125.486293 14.789507 51.134653
0.247878 120.322274 15.037126 48.213974
0.253940 116.838628 14.606872 46.369908
0.259938 114.720250 14.162350 45.592610
0.265878 106.831353 12.014447 43.281603
0.271762 104.290585 13.774015 40.908105
0.277593 100.025704 12.163396 39.711094
0.283373 95.078608 12.763292 36.930118
0.289105 92.800007 12.837193 35.805747
0.294791 88.681220 11.544980 34.591890
0.300433 85.559958 12.850782 32.549178
0.306034 80.490303 12.192257 30.787163
0.311595 79.232291 13.027789 29.771301
0.317118 75.802938 12.719792 28.454218
0.322604 73.673193 11.926057 27.996373
0.328056 70.903349 11.393791 26.997059
0.333475 67.903235 11.319955 25.701085
0.338862 66.601667 11.213833 25.114187
0.344218 62.654586 10.106154 23.890396
0.349546 61.426691 9.956269 23.407011
0.354846 57.923232 9.563448 22.070262
0.360119 56.934851 8.788789 22.005891
0.365367 53.738651 8.156969 20.885831
0.370590 53.096309 8.769471 20.221339
0.375791 50.209708 8.545412 19.046848
0.380969 49.249883 7.657307 19.054983
0.386125 47.048408 8.011432 17.903858
0.391261 45.140476 8.259524 16.839456
0.396378 42.997443 7.924907 16.035433
0.401477 40.623695 7.698465 15.011345
0.406557 38.812598 7.338282 14.296818
0.411620 37.659006 7.216934 13.844506
0.416668 36.382438 6.019762 13.859878
0.421700 35.085666 5.817094 13.253316
0.426717 33.483855 5.521825 12.587215
0.431720 32.340712 5.412828 12.088592
0.436709 30.894037 5.249033 11.565567
0.441686 30.245925 4.684505 11.593885
0.446651 28.942816 4.608714 11.013416
0.451605 27.476603 5.096217 10.056613
0.456547 26.229003 4.634667 9.712583
0.461480 25.400247 4.538243 9.366737
0.466402 24.919105 3.659085 9.585575
0.471316 24.210176 3.705004 9.241686
0.476221 22.892718 3.626042 8.677988
0.481118 22.393320 3.678720 8.468340
0.486007 21.485120 3.870440 7.922150
0.490889 20.426401 4.130359 7.258691
0.495765 19.493012 3.952648 6.863752
0.500634 19.148326 3.800444 6.782636
0.505498 18.234612 3.640678 6.410092
0.510357 18.270852 3.050168 6.733282
0.515211 16.708164 3.222256 5.920284
0.520061 16.353414 3.125026 5.808694
0.524907 15.845201 2.675719 5.796331
0.529749 15.518339 2.585611 5.691029
0.534589 14.750611 2.497449 5.407721
0.539425 14.422653 2.436547 5.298862
0.544260 13.739946 2.280154 5.074496
0.549092 13.304784 2.361986 4.841358
0.553923 12.737606 2.261254 4.640214
0.558753 12.417631 2.262309 4.487697
0.563582 11.977525 2.291935 4.281565
0.568411 11.630793 2.225657 4.146692
0.573240 11.326396 1.954554 4.150786
0.578069 10.851200 2.024350 3.895807
0.582898 10.522938 2.124982 3.694876
0.587729 10.213854 2.064286 3.591845
0.592561 9.887972 1.984208 3.484581
0.597394 9.520810 1.983050 3.317720
0.602229 9.226688 1.936622 3.208538
0.607067 8.979109 1.825311 3.155626
0.611907 8.508684 2.003976 2.841973
0.616750 8.181783 1.956907 2.713224
0.621596 7.943079 1.788216 2.702641
0.626446 7.669277 1.702824 2.622801
0.631299 7.491507 1.754707 2.508933
0.636157 7.210482 1.636180 2.443856
0.641018 7.049201 1.610065 2.382723
0.645885 6.873068 1.500705 2.361783
0.650756 6.732459 1.470360 2.307346
0.655632 6.493750 1.432811 2.219564
0.660514 6.308472 1.430511 2.138176
0.665401 6.088936 1.389248 2.053208
0.670295 6.018536 1.337831 2.036072
0.675194 5.822857 1.271805 1.975572
0.680101 5.712599 1.262949 1.928994
0.685013 5.490016 1.206873 1.863748
0.689933 5.391384 1.207618 1.820104
0.694860 5.211333 1.172864 1.768477
0.699795 5.124316 1.172540 1.739643
0.704737 4.976797 1.184468 1.674013
0.709687 4.931720 1.251686 1.615150
0.714646 4.792937 1.174579 1.592618
0.719613 4.884976 0.745374 1.861540
0.724589 4.741094 0.741462 1.804600
0.729573 4.729310 0.890107 1.716535
0.734567 4.594199 0.877880 1.663772
0.739570 4.512103 0.866170 1.632745
0.744583 4.383336 0.832866 1.590526
0.749606 4.304459 0.821696 1.559504
0.754639 4.176608 0.823420 1.507961
0.759682 4.088502 0.793131 1.484201
0.764735 3.982367 0.772793 1.442788
0.769800 3.913882 0.753523 1.420933
0.774875 3.792811 0.733694 1.371228
0.779962 3.733563 0.713340 1.356084
0.785060 3.615924 0.668366 1.314822
0.790169 3.544871 0.672286 1.283196
0.795291 3.427585 0.665543 1.235498
0.800424 3.368167 0.677869 1.208333
0.805570 3.242014 0.641695 1.173895
0.810728 3.197963 0.674942 1.140517
0.815899 3.102900 0.625583 1.124688
0.821083 3.053825 0.611484 1.112456
0.826280 2.973596 0.632381 1.069603
0.831491 2.900709 0.618951 1.042084
0.836715 2.808090 0.584821 1.019195
0.841952 2.692120 0.452311 1.032953
0.847204 2.625701 0.423632 1.017548
0.852469 2.576097 0.395626 1.009983
0.857749 2.510448 0.381130 0.989406
0.863044 2.428434 0.403239 0.940760
0.868353 2.381488 0.388852 0.928077
0.873677 2.092175 0.579710 0.693917
0.879017 2.032726 0.563120 0.676065
0.884371 1.963249 0.490707 0.687652
0.889741 1.925170 0.461423 0.684378
0.895127 1.839912 0.421770 0.666557
0.900529 1.791257 0.407707 0.651210
0.905947 1.712262 0.402161 0.618951
0.911381 1.654529 0.365593 0.613153
0.916832 1.591579 0.394159 0.571351
0.922300 1.537961 0.372127 0.558478
0.927784 1.470095 0.356808 0.537013
0.933286 1.407434 0.328904 0.521269
0.938804 1.368594 0.371756 0.483157
0.944340 1.319518 0.325891 0.488123
0.949894 1.257930 0.297588 0.472357
0.955466 1.149580 0.261892 0.444796
0.961056 1.105652 0.247465 0.432206
0.966664 1.010437 0.235721 0.399214
0.972290 0.957612 0.254164 0.368542
0.977935 0.869099 0.245476 0.334165
0.983599 0.745748 0.254010 0.272509
0.989282 0.708405 0.232422 0.270174
0.994984 0.620245 0.233083 0.237205
1.000705 0.654113 0.235827 0.248651
