0.265878 167.305482 60.905618 116.855872
0.271762 155.473184 69.283516 105.916344
0.277593 141.186271 49.904629 98.443441
0.283373 131.267538 50.652862 90.546488
0.289105 117.805667 55.964533 79.454547
0.294791 87.392933 67.905067 53.568533
0.300433 91.628475 47.790025 61.944935
0.306034 84.476308 29.955792 60.148838
0.311595 79.551289 26.943911 57.323029
0.317118 72.004715 32.053285 50.546015
0.322604 66.052976 29.868434 46.276256
0.328056 59.141252 27.509748 41.415652
0.333475 54.173124 27.124836 37.709554
0.338862 47.974400 27.262860 32.853560
0.344218 39.361820 27.689230 26.190750
0.349546 37.921754 29.433906 24.641454
0.354846 35.293723 25.037207 23.520013
0.360119 30.379456 25.056064 19.633166
0.365367 27.885758 22.951272 18.031312
0.370590 26.770581 21.806189 17.172047
0.375791 24.892282 19.437738 16.180893
0.380969 30.464385 16.099335 21.066934
0.386125 29.927620 18.747120 19.950083
0.391261 27.035129 11.441431 18.992325
0.396378 26.843197 15.621293 17.833273
0.401477 24.875044 12.598286 16.677829
0.406557 23.665254 11.825896 15.757962
0.411620 21.016669 13.034161 13.226981
0.416668 20.840279 13.951711 12.914950
0.421700 18.924740 9.711070 12.218055
0.426717 18.515950 9.550430 11.858019
0.431720 17.686464 8.541156 11.320534
0.436709 17.486979 9.921301 10.692153
0.441686 17.198316 9.761384 10.335152
0.446651 15.670323 8.863537 9.316836
0.451605 15.887577 9.694233 9.084458
0.456547 14.832559 8.831411 8.451012
0.461480 13.747524 8.174576 7.676717
0.466402 13.589656 9.224064 7.190839
0.471316 13.342484 7.858476 7.259881
0.476221 13.871578 8.031332 7.466099
0.481118 14.006495 7.733865 7.497054
0.486007 15.918647 5.125703 9.538427
0.490889 12.679233 6.859427 6.645394
0.495765 12.318530 6.921990 6.340908
0.500634 12.129456 6.481054 6.234164
0.505498 11.736040 6.652350 5.911737
0.510357 13.647752 3.965298 7.946171
0.515211 12.619194 5.104176 6.869096
0.520061 12.649016 5.248774 6.753390
0.524907 11.964450 4.545220 6.480361
0.529749 11.981584 4.558386 6.421351
0.534589 11.606657 3.854653 6.335374
0.539425 11.627427 3.662853 6.370667
0.544260 11.187042 3.545848 6.142006
0.549092 10.906179 3.454481 5.964790
0.553923 10.922856 4.209344 5.729818
0.558753 10.138504 2.668636 5.666185
0.563582 10.429749 4.349571 5.328890
0.568411 9.681020 2.772410 5.347714
0.573240 9.248882 2.629888 5.119715
0.578069 9.379328 3.590702 4.833436
0.582898 8.661656 2.858204 4.622002
0.587729 8.458939 2.546091 4.555763
0.592561 8.945424 1.983876 5.054962
0.597394 8.144614 2.473416 4.334294
0.602229 8.443474 1.905906 4.715347
0.607067 8.296805 1.825685 4.653925
0.611907 7.991889 1.548309 4.547273
0.616750 8.117368 2.092392 4.416474
0.621596 7.926466 2.100694 4.279554
0.626446 7.434342 1.469696 4.206257
0.631299 7.666570 2.294807 4.020469
0.636157 7.505287 2.216183 3.951631
0.641018 7.365399 2.113001 3.885375
0.645885 7.057984 1.984081 3.742540
0.650756 6.840597 1.864116 3.622571
0.655632 6.596406 1.759884 3.503610
0.660514 6.479269 1.723012 3.424004
0.665401 6.177452 1.607264 3.263144
0.670295 6.029575 1.604618 3.156807
0.675194 5.778608 1.602737 2.995894
0.680101 5.720203 1.509484 2.959894
0.685013 5.539791 1.382665 2.887193
0.689933 5.417384 1.359846 2.796116
0.694860 5.158298 1.287932 2.662432
0.699795 5.118167 1.364973 2.595520
0.704737 4.840566 1.258280 2.479131
0.709687 4.785065 1.277018 2.415089
0.714646 4.591411 1.234871 2.323907
0.719613 4.494832 1.213092 2.265533
0.724589 4.284080 1.113187 2.169464
0.729573 4.187445 1.099297 2.110167
0.734567 3.991086 1.006585 2.036328
0.739570 3.840602 0.884900 1.980305
0.744583 3.719918 0.879482 1.911330
0.749606 3.613205 0.824512 1.850903
0.754639 3.468344 0.744204 1.795512
0.759682 3.377152 0.710285 1.736449
0.764735 3.216886 0.687270 1.657605
0.769800 3.119889 0.578906 1.630185
0.774875 2.999474 0.547169 1.575416
0.779962 2.929670 0.542027 1.527622
0.785060 2.873241 0.826770 1.382795
0.790169 2.668098 0.516335 1.374408
0.795291 2.729758 0.691993 1.343384
0.800424 2.645283 0.693538 1.287997
0.805570 2.502603 0.675244 1.206212
0.810728 2.448608 0.667445 1.168868
0.815899 2.244227 0.713013 1.031543
0.821083 2.172284 0.688139 0.994313
0.826280 2.131357 0.549843 1.027683
0.831491 1.984084 0.611321 0.908158
0.836715 1.910689 0.569542 0.883088
0.841952 1.808214 0.563700 0.822065
0.847204 1.758853 0.510348 0.817063
0.852469 1.672456 0.483969 0.774777
0.857749 1.569070 0.476111 0.714611
0.863044 1.509461 0.448732 0.690234
0.868353 1.458455 0.422954 0.669157
0.873677 1.377567 0.391721 0.641962
0.879017 1.323645 0.388931 0.610905
0.884371 1.297614 0.294051 0.636431
0.889741 1.290484 0.348819 0.608427
0.895127 1.182469 0.249107 0.588570
0.900529 1.177932 0.300230 0.563464
0.905947 0.999018 0.337324 0.447683
0.911381 0.958932 0.329067 0.425850
0.916832 0.981117 0.232914 0.480471
0.922300 0.854806 0.319512 0.372661
0.927784 0.797822 0.296102 0.352775
0.933286 0.751404 0.274088 0.336632
0.938804 0.704962 0.258809 0.316435
0.944340 0.625766 0.213925 0.294679
0.949894 0.621708 0.202916 0.296978
0.955466 0.587470 0.165062 0.299443
0.961056 0.552888 0.133429 0.293352
0.966664 0.516250 0.155523 0.271355
0.972290 0.489289 0.160349 0.258186
0.977935 0.435807 0.124285 0.242423
0.983599 0.377774 0.128808 0.211983
0.989282 0.356125 0.102354 0.211735
0.994984 0.323965 0.136659 0.195022
1.000705 0.277142 0.114197 0.180932
