#RESOURCE=yCat_35340109
#Name: J/A+A/534/A109
#Title: MCXC Meta-Catalogue X-ray galaxy Clusters (Piffaretti+, 2011)
#Table	J_A_A_534_A109_mcxc:
#Name: J/A+A/534/A109/mcxc
#Title: MCXC catalogue (table2 of the paper)
#Column	MCXC	(A12)	MCXC name (JHHMM.m+DDMM)	[ucd=meta.id;meta.main]
#Column	z	(F7.4)	Redshift	[ucd=src.redshift]
#Column	L500	(F9.6)	X-ray luminosity in 10^44^erg/s (1)	[ucd=phys.luminosity;em.X-ray]
#Column	M500	(F7.4)	Total mass (1)	[ucd=phys.mass]
#Column	R500	(F7.4)	Characteristic radius (1)	[ucd=phys.size.radius]
#MCXC	z	L500	M500	R500
# 	 	10+37W	10+14Msun	Mpc
#------------	-------	---------	-------	-------
J0000.1+0816	 0.0396	 0.196280	 0.7373	 0.6296
J0000.4-0237	 0.0379	 0.052338	 0.3297	 0.4817
J0001.6-1540	 0.1246	 0.814902	 1.6557	 0.8021
J0001.9+1204	 0.2033	 1.990205	 2.6927	 0.9178
J0003.1-0605	 0.2320	 6.107094	 5.2188	 1.1326
J0003.2-3555	 0.0490	 0.441862	 1.2016	 0.7388
J0003.8+0203	 0.0924	 0.846881	 1.7342	 0.8233
J0004.9+1142	 0.0761	 0.518795	 1.3009	 0.7520
J0005.3+1612	 0.1164	 1.579007	 2.4929	 0.9218
J0006.0-3443	 0.1147	 1.809494	 2.7122	 0.9486
J0006.3+1052	 0.1698	 2.272747	 2.9941	 0.9621
J0008.9+4110	 0.1537	 2.110832	 2.8963	 0.9569
J0009.7-3516	 0.0500	 0.261854	 0.8728	 0.6639
J0011.3-2851	 0.0620	 1.086002	 2.0611	 0.8807
J0011.7-1523	 0.3780	 8.900000	 7.2000	 1.1900
J0011.7+3225	 0.1073	 2.571958	 3.3785	 1.0232
J0013.6-1930	 0.0940	 1.236332	 2.1818	 0.8883
J0014.3-6604	 0.1599	 2.827248	 3.4455	 1.0117
J0014.3-3023	 0.3066	11.818114	 7.3614	 1.2359
J0014.3+0854	 0.1630	 1.927804	 2.7218	 0.9342
J0015.4-2350	 0.0645	 0.326305	 0.9884	 0.6888
J0015.9+1614	 0.0830	 0.319693	 0.9638	 0.6790
J0016.3-3121	 0.0805	 0.495174	 1.2607	 0.7431
J0016.7+0646	 0.0833	 0.319327	 0.9629	 0.6787
J0017.5-3509	 0.0968	 0.692442	 1.5291	 0.7883
J0018.5+1626	 0.5456	17.911453	 7.7847	 1.1477
J0019.0-2026	 0.2773	 5.571336	 4.7634	 1.0807
J0019.6+2517	 0.1353	 1.441768	 2.3266	 0.8951
J0020.1+0005	 0.2124	 0.686609	 1.3975	 0.7352
J0020.5-4913	 0.0711	 0.268194	 0.8730	 0.6595
J0020.6+2840	 0.0940	 1.434697	 2.3890	 0.9156
J0020.7-2542	 0.1410	 2.872451	 3.5275	 1.0263
J0021.5+2803	 0.0948	 0.967910	 1.8782	 0.8448
J0022.0+0422	 0.4070	 0.581659	 1.0815	 0.6277
J0023.1+0421	 0.4530	 0.784758	 1.2496	 0.6469
J0024.0-1704	 0.1890	 1.483752	 2.2757	 0.8722
J0024.5+3312	 0.2260	 2.992847	 3.3939	 0.9834
J0025.4-1222	 0.5843	 8.041877	 4.6232	 0.9500
J0025.5-3302	 0.0491	 0.494670	 1.2872	 0.7559
J0026.7+0501	 0.2529	 0.325648	 0.8595	 0.6162
J0027.3-5015	 0.1448	 2.164603	 2.9603	 0.9668
J0027.8+2616	 0.3668	 8.375561	 5.6843	 1.1083
J0028.6-2338	 0.1120	 1.404549	 2.3285	 0.9024
J0029.0+0742	 0.1700	 0.858176	 1.6530	 0.7892
J0029.8+1330	 0.2510	 0.819400	 1.5110	 0.7442
J0030.5+2618	 0.5000	 2.790358	 2.6037	 0.8112
J0030.6-2410	 0.1382	 0.805310	 1.6278	 0.7938
J0034.2-0204	 0.0822	 1.230023	 2.1930	 0.8933
J0034.6-0208	 0.0812	 1.253723	 2.2202	 0.8972
J0035.4-2015	 0.3520	11.900000	10.2000	 1.3500
J0035.9+8513	 0.8317	 3.208750	 2.1397	 0.6659
J0036.5+2544	 0.0341	 0.098812	 0.4869	 0.5493
J0037.0+0909	 0.2546	 7.857653	 5.9801	 1.1755
J0037.4-2831	 0.1050	 0.545534	 1.3146	 0.7476
J0039.6+2114	 0.0619	 0.207666	 0.7517	 0.6292
J0040.0+0649	 0.0395	 0.319960	 0.9933	 0.6954
J0040.1-5607	 0.0277	 0.072779	 0.4058	 0.5179
J0040.4+2933	 0.0712	 0.949621	 1.8872	 0.8527
J0041.1-2339	 0.1120	 0.052265	 0.3130	 0.4623
J0041.7+2124	 0.1014	 1.000012	 1.9071	 0.8473
J0041.8-0918	 0.0555	 5.100085	 5.3163	 1.2103
J0042.1-2832	 0.1082	 2.734146	 3.5046	 1.0355
J0043.4-2037	 0.2924	 6.907787	 5.3663	 1.1182
J0043.8+2424	 0.0830	 1.839590	 2.8014	 0.9690
J0045.3-2924	 0.2570	 0.931133	 1.6259	 0.7609
J0045.7-2515	 0.1120	 0.265261	 0.8427	 0.6431
J0046.3+8530	 0.6241	 3.352002	 2.6212	 0.7739
J0048.6-2114	 0.0581	 0.303458	 0.9497	 0.6811
J0049.4-2931	 0.1084	 1.438047	 2.3682	 0.9086
J0049.8+2426	 0.0815	 1.042960	 1.9841	 0.8641
J0050.9-0929	 0.1990	 0.581999	 1.2765	 0.7167
J0051.1-4833	 0.1873	 2.036335	 2.7638	 0.9311
J0051.3-2831	 0.1125	 0.706073	 1.5303	 0.7844
J0052.7-8015	 0.1141	 3.393306	 3.9812	 1.0783
J0054.0-2823	 0.2920	 0.414816	 0.9661	 0.6315
J0055.9+2622	 0.1971	 7.484993	 6.0676	 1.2059
J0056.0-3732	 0.1630	 1.482321	 2.3188	 0.8857
J0056.3-0112	 0.0442	 1.437223	 2.4747	 0.9413
J0056.9-2213	 0.1160	 0.128009	 0.5389	 0.5533
J0056.9-2740	 0.5630	 1.141141	 1.4312	 0.6481
J0057.4-2616	 0.1130	 0.861163	 1.7267	 0.8165
J0057.4+3012	 0.1230	 0.059800	 0.3371	 0.4721
J0057.8-6648	 0.0661	 0.734662	 1.6195	 0.8116
J0058.4-1425	 0.0957	 0.429935	 1.1444	 0.7160
J0058.9+2657	 0.0451	 0.233877	 0.8174	 0.6505
J0102.7-2152	 0.0569	 1.460216	 2.4774	 0.9379
J0104.5-2400	 0.1603	 1.395406	 2.2394	 0.8762
J0105.0+0201	 0.1967	 2.542970	 3.1424	 0.9686
J0105.1+3311	 0.0800	 0.645160	 1.4819	 0.7844
J0105.5-2439	 0.2300	 5.160525	 4.7167	 1.0959
J0106.8+0103	 0.2537	 5.363201	 4.7410	 1.0884
J0106.8-0229	 0.1909	 2.779734	 3.3322	 0.9897
J0106.9+3209	 0.1120	 0.210839	 0.7326	 0.6138
J0107.4+3227	 0.0170	 0.069455	 0.3972	 0.5159
J0107.7+5408	 0.1066	 2.801329	 3.5609	 1.0415
J0107.8-3643	 0.1186	 1.156778	 2.0589	 0.8642
J0108.0+7558	 0.0960	 1.561498	 2.5121	 0.9304
J0108.1+0210	 0.0436	 0.192363	 0.7263	 0.6257
J0108.5-4020	 0.1408	 1.389498	 2.2658	 0.8856
J0108.8-1524	 0.0533	 0.491051	 1.2778	 0.7530
J0108.9-1537	 0.0970	 0.815085	 1.6888	 0.8148
J0110.0-4555	 0.0238	 0.181484	 0.7103	 0.6249
J0110.0+1358	 0.0581	 0.075898	 0.4079	 0.5139
J0110.3+1938	 0.3170	 0.362004	 0.8715	 0.6045
J0110.9+3308	 0.0177	 0.025452	 0.2153	 0.4205
J0111.6-3811	 0.1220	 0.052725	 0.3124	 0.4604
J0111.7+3327	 0.1173	 1.074001	 1.9696	 0.8519
J0112.1+3927	 0.2080	 0.469870	 1.1127	 0.6825
J0112.2+3302	 0.1249	 0.649432	 1.4414	 0.7658
J0113.0+1531	 0.0442	 0.200634	 0.7449	 0.6309
J0113.1+2828	 0.2620	 1.125536	 1.8180	 0.7883
J0113.9-3145	 0.0191	 0.009035	 0.1144	 0.3405
J0115.2+0019	 0.0450	 0.467516	 1.2471	 0.7489
J0116.1-1555	 0.0448	 0.104413	 0.5000	 0.5523
J0116.6-0330	 0.0810	 0.077727	 0.4075	 0.5099
J0117.6-2238	 0.2070	 0.387547	 0.9901	 0.6567
J0117.8-5455	 0.2510	 4.935834	 4.5164	 1.0719
J0118.1-2658	 0.2275	 4.979596	 4.6241	 1.0896
J0120.9-1351	 0.0519	 0.763259	 1.6737	 0.8243
J0121.9+0021	 0.1756	 1.062813	 1.8755	 0.8216
J0122.6-2832	 0.2560	 0.734899	 1.4085	 0.7256
J0122.9-1245	 0.1230	 0.644413	 1.4366	 0.7654
J0123.2+3327	 0.0146	 0.059605	 0.3624	 0.5007
J0123.6+3315	 0.0164	 0.140515	 0.6106	 0.5955
J0124.5+0400	 0.3160	 0.341836	 0.8423	 0.5979
J0124.8+0932	 0.0079	 0.000829	 0.0268	 0.2107
J0125.0+0841	 0.0491	 0.828139	 1.7624	 0.8393
J0125.4+0144	 0.0181	 0.061808	 0.3697	 0.5035
J0125.4+0145	 0.0183	 0.036561	 0.2683	 0.4525
J0125.6-0124	 0.0180	 0.069782	 0.3981	 0.5161
J0126.0-3758	 0.0810	 0.293404	 0.9159	 0.6680
J0126.9+1912	 0.0427	 0.009721	 0.1177	 0.3413
J0127.2-1746	 0.1459	 1.047931	 1.9006	 0.8337
J0128.6-4324	 0.2880	 0.276745	 0.7572	 0.5831
J0131.7+0033	 0.0798	 0.246166	 0.8236	 0.6450
J0131.8-1336	 0.2060	 5.701343	 5.1051	 1.1349
J0132.6-0804	 0.1489	 1.995234	 2.8084	 0.9487
J0132.9-4259	 0.0876	 0.092198	 0.4501	 0.5260
J0136.4-1811	 0.2510	 0.135518	 0.5044	 0.5162
J0137.2-0912	 0.0409	 0.296426	 0.9472	 0.6842
J0137.4-1259	 0.2143	 1.970695	 2.6543	 0.9099
J0137.9-1248	 0.2108	 2.437859	 3.0300	 0.9521
J0139.6+0119	 0.2550	 0.308755	 0.8307	 0.6087
J0139.8+1810	 0.1760	 0.337531	 0.9316	 0.6506
J0141.5-3034	 0.4420	 2.729783	 2.6969	 0.8396
J0142.0+2131	 0.2803	 5.586698	 4.7601	 1.0792
J0142.8+2025	 0.2710	 0.799864	 1.4658	 0.7313
J0142.9+4438	 0.3410	13.154815	 7.6442	 1.2354
J0144.4+0212	 0.1660	 0.117979	 0.4944	 0.5286
J0144.6-2213	 0.2781	 3.661889	 3.6857	 0.9918
J0145.0-5300	 0.1168	 2.010759	 2.8880	 0.9680
J0145.2-6033	 0.1805	 4.237381	 4.3428	 1.0850
J0150.0-3927	 0.3730	 0.977842	 1.5266	 0.7134
J0150.7+3305	 0.0363	 0.149289	 0.6253	 0.5966
J0152.5-2853	 0.4130	 8.600000	 7.9000	 1.2100
J0152.6-1358	 0.8330	 6.291151	 3.2223	 0.7629
J0152.7+0100	 0.2270	 5.525089	 4.9286	 1.1133
J0152.7+3609	 0.0163	 0.419185	 1.1891	 0.7437
J0152.9+3732	 0.2993	 5.161802	 4.4682	 1.0493
J0152.9-1345	 0.0050	 0.001819	 0.0434	 0.2476
J0153.5-0118	 0.2438	 3.621345	 3.7602	 1.0111
J0154.2-5937	 0.3600	 0.845525	 1.4120	 0.6985
J0155.1+3355	 0.0872	 1.052481	 1.9872	 0.8630
J0157.1+4120	 0.0810	 0.868597	 1.7753	 0.8328
J0157.4-0550	 0.1289	 1.286803	 2.1808	 0.8779
J0157.4+3213	 0.0894	 0.650792	 1.4800	 0.7817
J0158.4-0146	 0.1632	 1.449151	 2.2867	 0.8815
J0159.3+0030	 0.3860	 2.114745	 2.4175	 0.8273
J0159.8-0850	 0.4050	14.439212	 9.1513	 1.2800
J0200.2+3126	 0.0168	 0.040254	 0.2848	 0.4618
J0201.7-0212	 0.1960	 4.271815	 4.3137	 1.0767
J0201.7+0344	 0.1650	 0.533551	 1.2418	 0.7187
J0202.3-4447	 0.0616	 0.200834	 0.7366	 0.6251
J0202.3-0107	 0.0427	 0.147336	 0.6177	 0.5930
J0206.3+1511	 0.2480	 0.345262	 0.8941	 0.6254
J0206.4-1453	 0.1529	 1.768408	 2.6016	 0.9235
J0206.8-1309	 0.3210	 1.152970	 1.7606	 0.7630
J0209.5+1946	 0.0657	 0.541372	 1.3447	 0.7629
J0209.8-5116	 0.2060	 0.299471	 0.8467	 0.6235
J0210.2-3932	 0.1680	 0.054803	 0.3093	 0.4517
J0210.4-3929	 0.1650	 0.072773	 0.3685	 0.4794
J0211.4-4017	 0.1008	 0.786378	 1.6478	 0.8072
J0212.8-4707	 0.1150	 1.162194	 2.0701	 0.8668
J0214.2+5144	 0.0489	 0.573141	 1.4083	 0.7789
J0214.6-0433	 0.1393	 0.942175	 1.7898	 0.8191
J0216.3-4816	 0.1709	 1.947197	 2.7225	 0.9318
J0216.5-1747	 0.5780	 2.266638	 2.1474	 0.7376
J0216.7-4749	 0.0640	 0.336548	 1.0075	 0.6933
J0217.2-5244	 0.3432	10.986960	 6.8371	 1.1893
J0220.9-3829	 0.2280	 4.476850	 4.3319	 1.0660
J0221.1+1958	 0.4500	 2.613299	 2.6087	 0.8278
J0223.4-0852	 0.1630	 0.265864	 0.8132	 0.6246
J0225.1-2928	 0.0604	 0.399145	 1.1207	 0.7192
J0225.9-4154	 0.2195	 6.076038	 5.2528	 1.1402
J0227.2-2851	 0.2138	 1.547860	 2.2917	 0.8666
J0228.1+2811	 0.0353	 0.162758	 0.6596	 0.6075
J0228.2-1005	 0.1490	 0.212396	 0.7165	 0.6017
J0228.3+2325	 0.3050	 1.032383	 1.6671	 0.7538
J0229.3-3332	 0.0792	 0.561478	 1.3623	 0.7629
J0230.4+1836	 0.7990	 6.886661	 3.5043	 0.7952
J0230.7-3305	 0.0760	 0.418594	 1.1414	 0.7200
J0231.7-0451	 0.1843	 2.007814	 2.7463	 0.9301
J0231.9+0114	 0.0221	 0.029541	 0.2351	 0.4325
J0232.2-4420	 0.2836	 8.499136	 6.1319	 1.1728
J0234.2-0356	 0.4470	 0.651633	 1.1213	 0.6255
J0236.6-1923	 0.0907	 0.669697	 1.5047	 0.7857
J0237.4-2630	 0.2216	 3.823944	 3.9543	 1.0365
J0237.9-5224	 0.1360	 0.509129	 1.2327	 0.7241
J0239.8-2320	 0.4500	 0.832318	 1.2985	 0.6560
J0241.3-2839	 0.2323	 3.399513	 3.6504	 1.0053
J0242.5-2132	 0.3140	13.220298	 5.0925	 1.0900
J0244.1-2611	 0.1362	 1.266904	 2.1489	 0.8714
J0245.2-4627	 0.0868	 0.384329	 1.0754	 0.7034
J0245.7+0936	 0.1470	 0.521279	 1.2406	 0.7230
J0246.0+3653	 0.0488	 0.713622	 1.6098	 0.8145
J0248.0-0332	 0.1883	 4.123734	 4.2465	 1.0740
J0248.2-0216	 0.2360	 6.162332	 5.2314	 1.1319
J0249.6-3111	 0.0230	 0.084804	 0.4469	 0.5356
J0250.0+1907	 0.1220	 0.147644	 0.5854	 0.5676
J0250.2-2129	 0.2070	 3.820564	 3.9964	 1.0456
J0251.2-2055	 0.3250	 1.190621	 1.7897	 0.7660
J0251.4-2456	 0.1134	 0.818425	 1.6735	 0.8079
J0252.8-0116	 0.0235	 0.091018	 0.4664	 0.5432
J0254.4+4134	 0.0172	 0.854335	 1.8346	 0.8591
J0255.8+0918	 0.0258	 0.050435	 0.3249	 0.4812
J0256.5+0006	 0.3600	 3.662998	 3.4520	 0.9410
J0257.1-2326	 0.5049	12.519740	 6.4762	 1.0970
J0257.6+0600	 0.0238	 0.221118	 0.8012	 0.6505
J0257.6-2209	 0.3220	 6.225947	 5.8788	 1.1400
J0257.8+1302	 0.0722	 3.592916	 4.2452	 1.1169
J0258.2-2105	 0.1226	 0.764222	 1.5944	 0.7926
J0258.7+0012	 0.2590	 0.319229	 0.8451	 0.6113
J0258.9+1334	 0.0739	 6.088643	 5.8488	 1.2421
J0259.5+0013	 0.1940	 0.488026	 1.1508	 0.6936
J0300.7+4427	 0.0300	 0.937590	 1.9253	 0.8696
J0301.6+0155	 0.1712	 3.711221	 4.0333	 1.0621
J0301.8+3550	 0.0464	 0.282261	 0.9159	 0.6754
J0302.3-0423	 0.3500	 7.917197	 5.5681	 1.1078
J0303.3+0155	 0.1530	 3.027404	 3.6105	 1.0301
J0303.7-7752	 0.2742	 6.344215	 5.1687	 1.1117
J0304.1-3656	 0.2192	 3.639374	 3.8438	 1.0276
J0304.4-0702	 0.1350	 0.183334	 0.6618	 0.5887
J0304.5+1527	 0.0830	 0.178731	 0.6761	 0.6033
J0305.3+1728	 0.4249	 1.897601	 2.1915	 0.7888
J0305.5+1710	 0.4246	 2.187326	 2.3904	 0.8120
J0306.4-0943	 0.0342	 0.042077	 0.2893	 0.4617
J0307.0-2840	 0.2537	 6.258801	 5.2091	 1.1231
J0307.0-0628	 0.3470	 3.027811	 3.1062	 0.9129
J0308.9+2645	 0.3560	14.700000	16.4000	 1.5800
J0311.4-2653	 0.0685	 0.334315	 1.0004	 0.6907
J0311.5+0714	 0.1420	 1.004167	 1.8571	 0.8284
J0313.3+2624	 0.1649	 1.212633	 2.0487	 0.8493
J0313.6-3817	 0.0833	 0.356274	 1.0294	 0.6940
J0314.3-4525	 0.0718	 1.027456	 1.9792	 0.8662
J0317.9-4414	 0.0752	 3.815928	 4.3948	 1.1288
J0318.2-0301	 0.3700	 0.962945	 1.5161	 0.7125
J0318.5-0302	 0.3700	 2.699017	 2.8422	 0.8786
J0319.7+4130	 0.0179	 6.217359	 6.1508	 1.2856
J0320.3-4259	 0.1580	 0.294843	 0.8694	 0.6397
J0320.6-4311	 0.1490	 0.226144	 0.7445	 0.6094
J0321.9-5119	 0.0696	 0.309916	 0.9545	 0.6797
J0322.2-5310	 0.0797	 0.454206	 1.1966	 0.7305
J0322.3-4121	 0.0643	 0.593611	 1.4238	 0.7780
J0322.3-4918	 0.0670	 0.065549	 0.3708	 0.4964
J0322.9-1338	 0.3340	 1.006899	 1.6041	 0.7361
J0323.9-1916	 0.3320	 1.530195	 2.0738	 0.8025
J0327.9+0233	 0.0302	 0.029697	 0.2346	 0.4311
J0328.6-2140	 0.5900	 3.509710	 2.7751	 0.7996
J0328.6-5542	 0.0853	 1.467361	 2.4368	 0.9243
J0329.6-0211	 0.4500	13.573036	 4.4622	 0.9900
J0330.0-5235	 0.0624	 1.101682	 2.0786	 0.8831
J0331.1-2100	 0.1880	 3.817746	 4.0524	 1.0575
J0331.9-4524	 0.0671	 0.026910	 0.2155	 0.4142
J0332.2-2910	 0.1500	 0.421145	 1.0869	 0.6911
J0333.0-3913	 0.2450	 0.119042	 0.4682	 0.5047
J0333.1-2456	 0.4750	 2.430499	 2.4442	 0.8021
J0334.0-3900	 0.0623	 0.059841	 0.3519	 0.4885
J0334.9-5342	 0.0619	 0.287080	 0.9158	 0.6721
J0336.3-4037	 0.1729	 4.122744	 4.2950	 1.0839
J0336.3-0347	 0.1595	 2.299077	 3.0382	 0.9703
J0336.8-2804	 0.1050	 0.381559	 1.0571	 0.6952
J0337.0-3949	 0.1030	 0.820253	 1.6881	 0.8131
J0337.7-2522	 0.5850	 0.694751	 1.0380	 0.5773
J0338.1-2256	 0.1730	 0.207830	 0.6947	 0.5906
J0338.4-3526	 0.0051	 0.019681	 0.1855	 0.4017
J0338.6+0958	 0.0347	 2.452387	 3.4496	 1.0547
J0339.4-3313	 0.2690	 1.038229	 1.7212	 0.7721
J0340.1-5503	 0.0464	 0.181068	 0.6987	 0.6171
J0340.1-1835	 0.0056	 0.002826	 0.0568	 0.2707
J0340.4-2840	 0.0680	 0.291700	 0.9209	 0.6720
J0340.6-0239	 0.0352	 0.220850	 0.7946	 0.6464
J0340.8-4542	 0.0698	 0.452149	 1.2015	 0.7339
J0340.8-2823	 0.3460	 1.635278	 2.1352	 0.8060
J0341.2+1524	 0.0311	 0.391810	 1.1301	 0.7279
J0341.9-4500	 0.4080	 0.149877	 0.4727	 0.4761
J0342.8-5338	 0.0590	 2.764920	 3.6513	 1.0667
J0345.7-4112	 0.0603	 0.489851	 1.2699	 0.7498
J0345.9-2416	 0.1057	 1.462214	 2.3970	 0.9131
J0346.1-5702	 0.0570	 0.537529	 1.3469	 0.7655
J0347.0-2900	 0.1419	 1.970979	 2.8018	 0.9502
J0348.1-1201	 0.4880	 1.151450	 1.5331	 0.6831
J0348.3-3328	 0.1650	 1.076854	 1.9055	 0.8290
J0350.7-3801	 0.3630	 1.650428	 2.1178	 0.7986
J0351.1-8212	 0.0613	 1.200899	 2.1924	 0.8992
J0351.6-3649	 0.3720	 0.580530	 1.1118	 0.6420
J0352.3-5453	 0.0447	 0.173097	 0.6806	 0.6121
J0352.4-7401	 0.1270	 2.276006	 3.0920	 0.9869
J0352.9+1941	 0.1085	 2.218114	 3.0843	 0.9922
J0354.5-4233	 0.2240	 0.424316	 1.0329	 0.6620
J0354.5-3745	 0.2510	 4.832247	 4.4584	 1.0673
J0355.4-3634	 0.3200	 4.520231	 4.0532	 1.0079
J0355.9-3741	 0.4730	 2.939714	 2.7494	 0.8349
J0358.9-2955	 0.4250	18.900000	 8.9001	 1.2584
J0359.1-0320	 0.1220	 1.260724	 2.1645	 0.8778
J0404.6+1109	 0.3548	 6.654686	 4.9890	 1.0660
J0405.4-4100	 0.6860	 3.541152	 2.5714	 0.7502
J0406.7-7116	 0.2290	 1.305728	 2.0420	 0.8293
J0408.2-3053	 0.0600	 0.664945	 1.5303	 0.7980
J0413.4+1028	 0.0882	 7.217588	 6.4240	 1.2756
J0413.9-3805	 0.0501	 0.725639	 1.6249	 0.8167
J0416.7-5525	 0.3650	 0.664022	 1.2136	 0.6629
J0417.4-4512	 0.2130	 0.884178	 1.6298	 0.7737
J0417.5-1154	 0.4430	29.100000	22.1000	 1.6900
J0419.6+0224	 0.0131	 0.176462	 0.7031	 0.6248
J0420.1-3838	 0.3500	 0.854905	 1.4331	 0.7046
J0420.7-3841	 0.2250	 0.232609	 0.7154	 0.5855
J0421.0-4629	 0.1310	 0.230712	 0.7635	 0.6183
J0422.4-5009	 0.0901	 0.120017	 0.5277	 0.5542
J0425.8-0833	 0.0397	 1.080714	 2.0861	 0.8905
J0426.1+1655	 0.3800	 2.840640	 2.9084	 0.8820
J0428.7-3805	 0.1540	 0.195584	 0.6789	 0.5899
J0429.1-5350	 0.0400	 0.154759	 0.6376	 0.5998
J0429.5-0253	 0.3990	10.526208	 6.0882	 1.1200
J0431.4-6126	 0.0589	 3.977333	 4.5579	 1.1485
J0433.6-1315	 0.0326	 1.852990	 2.9118	 0.9974
J0434.2-0831	 0.2400	 0.182075	 0.6091	 0.5519
J0436.7+1003	 0.1590	 2.197414	 2.9567	 0.9617
J0437.1-2027	 0.1550	 1.947777	 2.7552	 0.9406
J0437.1+0043	 0.2842	 8.094954	 5.9496	 1.1608
J0438.9-2206	 0.0670	 0.655020	 1.5091	 0.7925
J0439.0+0715	 0.2450	 7.010899	 5.6202	 1.1555
J0439.0+0520	 0.2080	 4.834591	 4.6097	 1.0961
J0443.1+0210	 0.1900	 2.089270	 2.8016	 0.9344
J0445.1-1551	 0.0360	 0.253692	 0.8642	 0.6646
J0446.6-0421	 0.1770	 0.930790	 1.7279	 0.7990
J0448.0+1037	 0.0940	 0.475454	 1.2183	 0.7315
J0448.2-2028	 0.0720	 1.004022	 1.9513	 0.8620
J0448.2+0953	 0.1540	 2.150444	 2.9287	 0.9603
J0449.9-4440	 0.1501	 2.523686	 3.2382	 0.9944
J0450.0+4501	 0.0220	 0.901445	 1.8897	 0.8664
J0451.5-5557	 0.0940	 0.242112	 0.8073	 0.6377
J0451.9+0006	 0.4300	 6.748492	 4.1001	 0.9700
J0454.1-1014	 0.2475	 7.445150	 5.8187	 1.1679
J0454.1+0255	 0.2030	 8.306270	 6.4364	 1.2273
J0454.1-0300	 0.5377	15.352674	 7.1338	 1.1183
J0454.3-0239	 0.2600	 0.867849	 1.5539	 0.7487
J0454.8-1806	 0.0335	 0.146530	 0.6194	 0.5952
J0458.9-0029	 0.0150	 0.008942	 0.1140	 0.3405
J0459.1+0846	 0.1034	 0.910439	 1.7985	 0.8303
J0500.7-3840	 0.0536	 0.486610	 1.2705	 0.7515
J0501.3-0332	 0.0913	 0.776564	 1.6462	 0.8094
J0501.6+0110	 0.1248	 1.620972	 2.5179	 0.9223
J0503.1+0607	 0.0880	 0.963300	 1.8817	 0.8472
J0505.3-2849	 0.5090	 1.196592	 1.5420	 0.6788
J0505.9-2826	 0.1310	 0.094671	 0.4435	 0.5159
J0506.0-2840	 0.1360	 0.141671	 0.5651	 0.5583
J0506.9+0257	 0.1475	 0.883713	 1.7110	 0.8046
J0507.6-0238	 0.1241	 1.190140	 2.0866	 0.8665
J0507.7-0915	 0.0398	 0.182205	 0.7045	 0.6201
J0509.7-0836	 0.1250	 0.119261	 0.5128	 0.5426
J0510.2-4519	 0.2000	 4.852497	 4.6483	 1.1023
J0510.7-0801	 0.2195	 7.728559	 6.0827	 1.1974
J0514.6-4903	 0.0912	 0.778067	 1.6483	 0.8098
J0515.3+5845	 0.1203	 2.338311	 3.1585	 0.9961
J0516.3+1712	 0.1150	 3.754220	 4.2315	 1.1001
J0516.6+0626	 0.0284	 0.537650	 1.3731	 0.7773
J0516.6-5430	 0.2952	12.598125	 7.7238	 1.2612
J0516.9+2925	 0.1300	 2.247197	 3.0614	 0.9826
J0520.7-1328	 0.3360	 7.900000	 6.3000	 1.1600
J0521.1-2530	 0.5810	 2.836260	 2.4557	 0.7704
J0521.4-4049	 0.0756	 0.631170	 1.4667	 0.7828
J0522.2-3624	 0.4720	 1.891263	 2.1028	 0.7638
J0522.7+2806	 0.0580	 1.018021	 1.9868	 0.8711
J0524.4+0819	 0.0680	 1.062668	 2.0256	 0.8739
J0525.5-3135	 0.0380	 0.372779	 1.0913	 0.7179
J0525.8-4715	 0.1913	 3.450361	 3.8005	 1.0339
J0527.2+0413	 0.1510	 2.357145	 3.1041	 0.9801
J0528.2-2942	 0.1582	 2.296714	 3.0392	 0.9708
J0528.6-3251	 0.2730	 0.629139	 1.2642	 0.6956
J0528.9-3927	 0.2839	11.952927	 7.5474	 1.2568
J0529.6-5848	 0.4660	 0.612216	 1.0624	 0.6098
J0530.5-5851	 0.3380	 0.261702	 0.7031	 0.5583
J0530.6-2226	 0.1706	 3.985723	 4.2146	 1.0780
J0532.3-1131	 0.1540	 5.006176	 4.9028	 1.1403
J0532.6-4614	 0.1350	 0.284145	 0.8644	 0.6436
J0532.9-3701	 0.2708	 6.197377	 5.1091	 1.1088
J0533.3-3619	 0.0479	 0.194629	 0.7294	 0.6257
J0533.8-5746	 0.2970	 0.650400	 1.2658	 0.6897
J0533.9-5809	 0.1980	 0.148731	 0.5560	 0.5435
J0538.2-2037	 0.0915	 0.971284	 1.8866	 0.8470
J0539.0-2833	 0.2540	 0.358775	 0.9111	 0.6280
J0540.1-4050	 0.0358	 0.447219	 1.2212	 0.7459
J0540.1-4322	 0.0850	 0.802854	 1.6874	 0.8178
J0542.1-2607	 0.0390	 0.249133	 0.8530	 0.6611
J0542.8-4100	 0.6420	 4.287220	 2.9996	 0.8038
J0543.4-4430	 0.1637	 2.630717	 3.2882	 0.9948
J0544.2-2555	 0.2600	 0.445655	 1.0350	 0.6538
J0545.4-2556	 0.0424	 0.104752	 0.5018	 0.5533
J0545.5-4756	 0.1254	 1.684553	 2.5766	 0.9292
J0547.0-3904	 0.3190	 6.400000	 4.3000	 1.0200
J0547.6-3152	 0.1483	 4.324473	 4.5029	 1.1106
J0547.7-4723	 0.0515	 0.169791	 0.6695	 0.6074
J0548.6-2527	 0.0420	 0.551689	 1.3823	 0.7758
J0548.8-2154	 0.0928	 0.787921	 1.6591	 0.8111
J0552.8-2103	 0.0989	 2.319636	 3.1912	 1.0067
J0553.4-0558	 0.1510	 2.314190	 3.0695	 0.9765
J0557.2-3727	 0.0442	 0.310523	 0.9722	 0.6894
J0600.8-5835	 0.0369	 0.081480	 0.4321	 0.5274
J0601.7-3959	 0.0468	 0.996636	 1.9761	 0.8726
J0602.0+5315	 0.0510	 0.392691	 1.1167	 0.7205
J0602.1+2309	 0.0654	 1.527879	 2.5321	 0.9422
J0603.8+2939	 0.0300	 0.312530	 0.9853	 0.6956
J0604.6+4257	 0.1180	 2.046494	 2.9167	 0.9708
J0605.8-3518	 0.1392	 4.236027	 4.4761	 1.1118
J0607.0-4928	 0.0553	 0.247827	 0.8410	 0.6546
J0610.5-4848	 0.2430	 0.609373	 1.2692	 0.7042
J0612.6+4836	 0.0670	 0.956994	 1.9016	 0.8560
J0616.3-2156	 0.1710	 2.712541	 3.3321	 0.9966
J0616.5-3948	 0.1520	 2.834755	 3.4712	 1.0170
J0616.8-4748	 0.1164	 1.495635	 2.4118	 0.9117
J0618.6+6724	 0.1127	 0.874787	 1.7437	 0.8193
J0621.7-5242	 0.0511	 0.299464	 0.9466	 0.6818
J0624.6-3720	 0.0333	 0.138672	 0.5990	 0.5887
J0624.7-5240	 0.0740	 0.171321	 0.6629	 0.6011
J0625.2-5521	 0.1180	 0.568739	 1.3360	 0.7483
J0626.3-5341	 0.0514	 1.160127	 2.1612	 0.8978
J0627.1-3529	 0.0554	 0.769293	 1.6778	 0.8240
J0627.2-5428	 0.0506	 1.375477	 2.3989	 0.9298
J0628.8-4143	 0.1759	 4.230388	 4.3533	 1.0877
J0629.1+4606	 0.1290	 1.396706	 2.2924	 0.8926
J0631.3-5610	 0.0540	 0.496316	 1.2855	 0.7544
J0631.3+2500	 0.0810	 1.711944	 2.6850	 0.9560
J0632.0+2519	 0.0750	 0.718135	 1.5874	 0.8039
J0634.5-6226	 0.2700	 0.849680	 1.5220	 0.7408
J0635.0+2231	 0.0680	 3.033343	 3.8399	 1.0816
J0635.4-6234	 0.1570	 0.377075	 1.0108	 0.6729
J0637.3-4828	 0.2026	 3.530143	 3.8211	 1.0317
J0638.1+4747	 0.1740	 4.721468	 4.6614	 1.1135
J0638.7-5358	 0.2266	 9.536792	 6.8771	 1.2442
J0640.1-1253	 0.1350	 5.822140	 5.4507	 1.1889
J0643.4+4214	 0.0910	 3.603233	 4.1975	 1.1059
J0645.4-5413	 0.1644	 6.709122	 5.8164	 1.2028
J0647.8+7014	 0.5840	13.139760	 8.8556	 1.1800
J0649.3+1801	 0.0640	 1.182909	 2.1684	 0.8951
J0657.0+4246	 0.1250	 1.029484	 1.9088	 0.8409
J0658.5-5556	 0.2965	20.425901	10.3599	 1.3902
J0704.4+6318	 0.0980	 1.576739	 2.5235	 0.9312
J0707.0+2706	 0.0620	 0.560566	 1.3771	 0.7699
J0708.1+7151	 0.1053	 0.769028	 1.6204	 0.8015
J0710.4+2240	 0.2890	 6.603054	 5.2347	 1.1104
J0711.7+3219	 0.0672	 1.012013	 1.9673	 0.8657
J0712.0-6030	 0.0322	 0.081904	 0.4348	 0.5292
J0714.3+5441	 0.1043	 0.646986	 1.4594	 0.7742
J0716.7+5324	 0.0644	 0.391325	 1.1043	 0.7148
J0717.1-3621	 0.0320	 0.366151	 1.0838	 0.7176
J0717.4-1119	 0.0750	 2.204624	 3.1457	 1.0098
J0717.5+3745	 0.5460	22.715670	12.9576	 1.3600
J0719.5+0043	 0.2197	 6.115780	 5.2729	 1.1416
J0720.2+7132	 0.2680	 0.454786	 1.0413	 0.6532
J0720.3+2348	 0.1680	 2.466421	 3.1513	 0.9793
J0720.8+7108	 0.2300	 0.401524	 0.9941	 0.6522
J0721.3+5547	 0.0381	 0.757140	 1.6810	 0.8291
J0724.9+6658	 0.0863	 0.469019	 1.2147	 0.7326
J0726.0+4122	 0.1120	 1.171477	 2.0846	 0.8697
J0728.9+2935	 0.3976	 4.220339	 3.6493	 0.9448
J0729.4+2436	 0.1610	 3.047940	 3.6042	 1.0266
J0729.7+7915	 0.1058	 0.523980	 1.2819	 0.7411
J0732.3+3137	 0.1710	 5.623645	 5.1975	 1.1558
J0736.4+3925	 0.1177	 2.518069	 3.3105	 1.0128
J0737.6+5920	 0.0384	 0.046280	 0.3058	 0.4697
J0738.1-7506	 0.1110	 0.910497	 1.7889	 0.8268
J0738.2+0101	 0.1890	 3.427024	 3.7913	 1.0339
J0738.9+6956	 0.1170	 0.263340	 0.8360	 0.6403
J0740.9+5525	 0.0340	 0.488395	 1.2902	 0.7601
J0741.5+2557	 0.1577	 0.677439	 1.4441	 0.7577
J0741.7+7414	 0.2149	 4.868103	 4.6049	 1.0931
J0742.6+0922	 0.0620	 0.530802	 1.3320	 0.7614
J0744.8+3927	 0.6970	17.377668	 6.9400	 1.0400
J0745.1-5404	 0.0740	 1.279395	 2.2590	 0.9045
J0746.6+3100	 0.0579	 0.173471	 0.6754	 0.6080
J0747.5-1917	 0.1028	10.487506	 7.9855	 1.3650
J0748.1+1832	 0.0400	 0.110717	 0.5199	 0.5603
J0751.3+5012	 0.0228	 0.076502	 0.4197	 0.5245
J0751.4+1730	 0.1894	 3.479201	 3.8253	 1.0369
J0753.4+2921	 0.0621	 0.591999	 1.4236	 0.7785
J0756.9+3839	 0.2203	 1.851188	 2.5432	 0.8951
J0757.7-5315	 0.0390	 0.383258	 1.1092	 0.7216
J0757.9-2157	 0.0490	 0.970025	 1.9409	 0.8668
J0758.3+2640	 0.2315	 1.546824	 2.2599	 0.8571
J0759.7+5400	 0.1032	 1.088010	 2.0052	 0.8610
J0800.9+3602	 0.2880	 5.332254	 4.5987	 1.0638
J0802.1-1926	 0.1400	 1.367280	 2.2449	 0.8831
J0804.3+4646	 0.1868	 1.421306	 2.2205	 0.8657
J0805.7+4541	 0.1353	 0.868863	 1.7085	 0.8076
J0809.6+2811	 0.3990	 3.745412	 3.3891	 0.9213
J0809.9-0258	 0.2700	 7.369961	 5.6820	 1.1492
J0810.4+4216	 0.0640	 0.343477	 1.0201	 0.6962
J0811.0+1644	 0.0925	 0.351374	 1.0142	 0.6885
J0811.1+7002	 0.2230	 5.329782	 4.8364	 1.1079
J0812.5-5714	 0.0620	 1.969423	 2.9629	 0.9940
J0815.4-0308	 0.1980	 2.843394	 3.3605	 0.9900
J0815.9+6253	 0.3120	 1.014350	 1.6401	 0.7477
J0816.5+7424	 0.2820	 0.902703	 1.5644	 0.7443
J0817.4-0730	 0.0704	 3.090208	 3.8772	 1.0843
J0818.2+0122	 0.0879	 0.889371	 1.7924	 0.8336
J0818.9+5654	 0.2600	 0.300251	 0.8135	 0.6034
J0819.3+7054	 0.2260	 0.217842	 0.6868	 0.5774
J0819.6+6336	 0.1190	 1.434390	 2.3468	 0.9026
J0819.9+5634	 0.2600	 0.864741	 1.5505	 0.7481
J0820.4+5645	 0.0429	 0.015008	 0.1534	 0.3727
J0820.9-5704	 0.0610	 0.783054	 1.6896	 0.8245
J0821.0+0751	 0.1100	 1.110969	 2.0211	 0.8614
J0821.8+0112	 0.0822	 0.644568	 1.4788	 0.7833
J0822.1+4705	 0.1303	 3.000609	 3.6508	 1.0419
J0823.1+0421	 0.0293	 0.191602	 0.7315	 0.6300
J0824.1+0327	 0.3470	 0.526782	 1.0693	 0.6398
J0825.5+4707	 0.1267	 2.767123	 3.4839	 1.0270
J0825.7+8218	 0.2000	 2.384622	 3.0141	 0.9541
J0825.9+0415	 0.2248	 4.103032	 4.1177	 1.0493
J0826.1+2625	 0.3510	 0.623850	 1.1817	 0.6605
J0826.4-2721	 0.0410	 0.505538	 1.3115	 0.7625
J0826.4+3125	 0.2090	 0.205784	 0.6720	 0.5767
J0826.7-2007	 0.0876	 0.955176	 1.8725	 0.8460
J0828.0+4445	 0.1450	 2.549942	 3.2709	 0.9994
J0828.6+3025	 0.0503	 0.413163	 1.1524	 0.7283
J0830.9+6551	 0.1818	 8.997743	 6.8668	 1.2635
J0837.4+1458	 0.2793	19.026438	10.0572	 1.3853
J0838.1+2506	 0.0286	 0.051810	 0.3297	 0.4831
J0838.5+1948	 0.1230	 0.300903	 0.9029	 0.6556
J0840.5+0543	 0.2651	 3.221154	 3.4434	 0.9742
J0841.1+6422	 0.3430	 1.474773	 2.0097	 0.7908
J0841.7+7046	 0.2350	 0.209832	 0.6667	 0.5698
J0841.9-1729	 0.1687	 4.074893	 4.2779	 1.0841
J0842.8+5023	 0.4230	 0.555710	 1.0380	 0.6153
J0842.9+3621	 0.2820	11.891012	 7.5349	 1.2570
J0842.9+2928	 0.1940	 3.748058	 3.9890	 1.0498
J0844.9+4258	 0.0541	 0.095185	 0.4696	 0.5393
J0847.1+3449	 0.5600	 1.916410	 1.9683	 0.7216
J0847.7+7741	 0.2600	 3.744904	 3.7899	 1.0078
J0848.7+4456	 0.5740	 0.599931	 0.9580	 0.5645
J0848.9+4452	 1.2610	 2.802865	 1.3868	 0.4889
J0849.1+3731	 0.2400	 0.355892	 0.9165	 0.6324
J0850.2+3603	 0.3780	11.301955	 6.7616	 1.1693
J0851.9+1159	 0.1150	 0.075197	 0.3899	 0.4969
J0852.2-0532	 0.1920	 0.651822	 1.3750	 0.7366
J0852.5+1618	 0.0980	 0.132758	 0.5581	 0.5631
J0853.2+5759	 0.4750	 2.070857	 2.2169	 0.7764
J0856.1+3756	 0.4107	10.215037	 6.1886	 1.1210
J0858.4+1357	 0.4880	 0.772587	 1.2020	 0.6299
J0900.0+3920	 0.0951	 0.116947	 0.5176	 0.5497
J0900.6+2054	 0.2347	 6.156387	 5.2335	 1.1326
J0901.1+6239	 0.0900	 0.429615	 1.1485	 0.7182
J0906.4+1020	 0.1328	 1.399021	 2.2885	 0.8909
J0907.2+3330	 0.4830	 0.530212	 0.9595	 0.5855
J0907.3+1639	 0.0730	 0.322353	 0.9754	 0.6839
J0907.8+4936	 0.0352	 0.070626	 0.3965	 0.5127
J0909.1+1059	 0.1751	 4.855068	 4.7375	 1.1191
J0909.1-0939	 0.0542	 3.849660	 4.4824	 1.1439
J0910.2+6012	 0.1810	 0.189485	 0.6527	 0.5768
J0910.6-1034	 0.0916	 1.063423	 1.9936	 0.8627
J0910.6+4248	 0.5760	 1.420485	 1.6177	 0.6717
J0911.1+1746	 0.5049	 7.128027	 4.5937	 0.9783
J0912.4+1556	 0.0851	 1.312476	 2.2769	 0.9037
J0913.0+4742	 0.0510	 0.262678	 0.8739	 0.6640
J0916.1+1736	 0.0292	 0.052011	 0.3303	 0.4833
J0917.8+5143	 0.2172	 7.106236	 5.7894	 1.1788
J0918.1-1205	 0.0539	 2.716018	 3.6243	 1.0658
J0919.8+3345	 0.0230	 0.034422	 0.2579	 0.4459
J0920.0+0102	 0.0175	 0.011749	 0.1344	 0.3594
J0920.3+7350	 0.1330	 0.732052	 1.5416	 0.7810
J0920.4+3030	 0.2952	 4.341966	 4.0341	 1.0157
J0921.1+4538	 0.1745	 1.366723	 2.1881	 0.8652
J0921.2+4528	 0.3150	 1.026405	 1.6480	 0.7481
J0923.1+2217	 0.0316	 0.037093	 0.2684	 0.4507
J0924.0+1410	 0.1357	 3.235816	 3.8079	 1.0547
J0926.6+1242	 0.4890	 1.861506	 2.0531	 0.7527
J0926.6+1741	 0.1170	 0.988898	 1.8733	 0.8379
J0927.1+5327	 0.2052	 3.348174	 3.6924	 1.0190
J0928.0+7446	 0.1240	 0.881101	 1.7372	 0.8152
J0928.1+2032	 0.1920	 1.643770	 2.4169	 0.8889
J0928.6+3747	 0.2472	 2.715229	 3.1464	 0.9516
J0933.4+3403	 0.0269	 0.023850	 0.2056	 0.4130
J0935.4+0729	 0.2610	 2.826248	 3.1897	 0.9511
J0937.1+6116	 0.2040	 0.142876	 0.5400	 0.5371
J0937.9-2020	 0.0344	 0.099877	 0.4900	 0.5504
J0938.2+7553	 0.1503	 0.652852	 1.4196	 0.7553
J0941.0+3843	 0.2870	 0.236503	 0.6885	 0.5651
J0942.0+0857	 0.2060	 3.742222	 3.9492	 1.0418
J0942.2+1523	 0.1664	 2.129295	 2.8846	 0.9514
J0942.3+8111	 0.5450	 3.057653	 2.6505	 0.8016
J0943.1+4659	 0.4069	 4.906562	 3.9698	 0.9682
J0943.4-7619	 0.1990	 4.608741	 4.5079	 1.0915
J0943.5+1640	 0.2560	 0.633625	 1.2867	 0.7041
J0943.7+1644	 0.1800	 0.275037	 0.8198	 0.6226
J0944.0+6424	 0.1200	 0.797040	 1.6389	 0.8006
J0944.1-2116	 0.0077	 0.004231	 0.0725	 0.2935
J0944.6-2633	 0.1421	 3.099037	 3.6917	 1.0416
J0945.4-0839	 0.1535	 2.708587	 3.3724	 1.0067
J0946.5-1409	 0.2300	 0.133647	 0.5083	 0.5215
J0947.2+7623	 0.3450	20.000000	 8.5000	 1.2700
J0947.7+0741	 0.6250	 2.678637	 2.2845	 0.7390
J0947.9+0730	 0.1280	 0.050712	 0.3038	 0.4552
J0948.6-8327	 0.1982	 2.944476	 3.4323	 0.9970
J0949.8+1707	 0.3826	14.689120	 7.9037	 1.2295
J0950.1+7033	 0.2100	 0.568401	 1.2477	 0.7086
J0951.7-0128	 0.5680	 1.189087	 1.4614	 0.6514
J0952.7+5153	 0.2140	 6.070044	 5.2717	 1.1438
J0953.2-1558	 0.0302	 0.076522	 0.4177	 0.5225
J0953.6+7054	 0.1850	 1.197294	 2.0027	 0.8370
J0953.7+6947	 0.2140	 0.304054	 0.8494	 0.6224
J0956.0+4107	 0.5870	 2.581573	 2.3070	 0.7527
J0956.4-1004	 0.1634	 5.629624	 5.2302	 1.1613
J0957.8+6534	 0.5300	 1.334573	 1.6192	 0.6842
J0958.0-2650	 0.1450	 1.054911	 1.9096	 0.8353
J0958.1+2346	 0.1471	 1.116758	 1.9740	 0.8440
J0958.2+5516	 0.2140	 0.884182	 1.6286	 0.7732
J0958.3+4702	 0.3900	 1.890314	 2.2502	 0.8066
J0958.3-1103	 0.1669	 5.299925	 5.0282	 1.1448
J0959.7+2223	 0.2440	 2.584085	 3.0604	 0.9439
J1000.5+4409	 0.1540	 1.712986	 2.5495	 0.9169
J1002.1+6858	 0.5000	 2.280765	 2.3024	 0.7786
J1002.6+3241	 0.0499	 0.297744	 0.9440	 0.6815
J1002.6-0808	 0.5240	 1.197764	 1.5235	 0.6721
J1003.0+3254	 0.4161	 5.566875	 4.2551	 0.9874
J1003.1-1925	 0.2430	 0.677438	 1.3539	 0.7195
J1003.1+6709	 0.2060	 2.815652	 3.3203	 0.9833
J1006.6+2554	 0.1162	 1.197113	 2.1060	 0.8715
J1006.8+1223	 0.1660	 0.506973	 1.2028	 0.7109
J1007.1-2031	 0.1050	 0.060155	 0.3427	 0.4776
J1007.8+0031	 0.0960	 0.396622	 1.0893	 0.7042
J1008.7+5342	 0.8720	 3.137434	 2.0401	 0.6451
J1008.7+1147	 0.2245	 3.725047	 3.8829	 1.0291
J1009.3+7110	 0.1927	 2.831511	 3.3654	 0.9924
J1010.2+5430	 0.0450	 0.015272	 0.1548	 0.3736
J1010.2+5429	 0.0470	 0.074092	 0.4050	 0.5145
J1010.5-1239	 0.3062	 2.474743	 2.8384	 0.8996
J1010.9+5557	 0.1710	 0.067080	 0.3491	 0.4699
J1011.0+5358	 0.3720	 0.577237	 1.1079	 0.6413
J1011.0+5339	 0.3290	 0.244006	 0.6786	 0.5536
J1011.3+5333	 0.3900	 0.438846	 0.9237	 0.5994
J1011.4+5450	 0.2940	 0.741087	 1.3740	 0.7096
J1013.4-0136	 0.2760	 0.734976	 1.3867	 0.7166
J1013.5-1350	 0.1517	 2.169167	 2.9492	 0.9633
J1013.6+4933	 0.1330	 0.299390	 0.8937	 0.6512
J1013.6-0054	 0.0445	 0.401983	 1.1377	 0.7265
J1013.7-0006	 0.0927	 0.698196	 1.5413	 0.7915
J1015.1+4931	 0.3830	 0.739404	 1.2769	 0.6695
J1016.3+3338	 0.1240	 1.360526	 2.2642	 0.8904
J1016.6+2448	 0.0811	 0.417285	 1.1353	 0.7175
J1017.0+3902	 0.2060	 5.030016	 4.7297	 1.1064
J1017.3-1040	 0.0586	 0.904947	 1.8484	 0.8502
J1017.5+5934	 0.3530	13.414886	 7.6611	 1.2307
J1018.0+2154	 0.2400	 0.557876	 1.2055	 0.6930
J1019.6+3920	 0.3730	 0.409702	 0.8982	 0.5977
J1019.9+4059	 0.0922	 0.619280	 1.4331	 0.7726
J1020.2+3913	 0.1463	 0.084342	 0.4088	 0.4995
J1020.4-0631	 0.0540	 0.250906	 0.8481	 0.6567
J1020.5+3922	 0.1430	 0.059807	 0.3323	 0.4667
J1020.7+3831	 0.0530	 0.051504	 0.3232	 0.4763
J1020.9+5132	 0.5019	 0.742918	 1.1600	 0.6191
J1022.0+3830	 0.0491	 0.182714	 0.7013	 0.6174
J1022.5+5006	 0.1580	 3.430483	 3.8822	 1.0535
J1023.1+4124	 0.2320	 0.196871	 0.6427	 0.5635
J1023.3+5948	 0.2055	 1.365361	 2.1364	 0.8490
J1023.6+0411	 0.2850	18.098963	 9.7115	 1.3664
J1023.6+4907	 0.1440	 3.876317	 4.2256	 1.0889
J1023.8-2715	 0.2542	11.919620	 7.7124	 1.2798
J1024.3+6804	 0.2010	 0.870549	 1.6292	 0.7769
J1025.0+4750	 0.0520	 0.079462	 0.4213	 0.5204
J1025.9+1241	 0.1434	 2.822135	 3.4836	 1.0212
J1027.1+3908	 0.3380	 2.234322	 2.5996	 0.8633
J1027.9-0647	 0.1176	 1.095941	 1.9936	 0.8553
J1028.3+0346	 0.0730	 0.284652	 0.9041	 0.6668
J1031.7+3502	 0.1259	 2.909192	 3.5940	 1.0380
J1032.2+4015	 0.0790	 0.816501	 1.7119	 0.8233
J1033.8+5703	 0.0463	 0.011199	 0.1280	 0.3505
J1034.9+3041	 0.1407	 1.996842	 2.8267	 0.9534
J1036.1+5713	 0.2030	 0.319285	 0.8825	 0.6329
J1036.6-2731	 0.0126	 0.311407	 0.9944	 0.7015
J1038.0+4146	 0.1250	 0.163428	 0.6214	 0.5785
J1038.4-2454	 0.1230	 1.500662	 2.4054	 0.9089
J1039.4+0510	 0.0700	 0.717749	 1.5924	 0.8061
J1039.5+3947	 0.0926	 0.062005	 0.3522	 0.4839
J1039.7-0841	 0.0650	 0.620608	 1.4622	 0.7847
J1040.7+3956	 0.1372	 3.662694	 4.1023	 1.0807
J1040.7-7047	 0.0610	 0.837570	 1.7603	 0.8359
J1041.5-1123	 0.0839	 0.527492	 1.3071	 0.7513
J1042.4-0008	 0.1390	 0.256683	 0.8101	 0.6289
J1044.5-0704	 0.1342	 4.295575	 4.5308	 1.1182
J1047.5+1513	 0.2108	 2.072777	 2.7446	 0.9212
J1048.0-1124	 0.0650	 0.028614	 0.2240	 0.4199
J1048.7+2214	 0.0450	 0.073814	 0.4046	 0.5146
J1049.0+5424	 0.2510	 0.250565	 0.7337	 0.5849
J1049.7+3308	 0.2300	 0.206084	 0.6619	 0.5695
J1050.4-1250	 0.0155	 0.073319	 0.4109	 0.5220
J1050.5-0236	 0.1651	 2.446004	 3.1422	 0.9793
J1050.6-2405	 0.2037	 3.695643	 3.9260	 1.0406
J1053.3+5720	 0.3400	 0.143880	 0.4874	 0.4937
J1053.7+5452	 0.0704	 0.447651	 1.1937	 0.7321
J1053.7+4929	 0.1400	 1.716089	 2.5785	 0.9248
J1053.8+1650	 0.0852	 0.704305	 1.5577	 0.7962
J1056.2+4933	 0.1990	 0.213417	 0.6924	 0.5845
J1056.9-0337	 0.8309	 6.826748	 3.3929	 0.7768
J1057.7+3738	 0.0353	 0.035575	 0.2610	 0.4460
J1058.1+0135	 0.0398	 0.083813	 0.4388	 0.5296
J1058.2+0136	 0.0385	 0.066778	 0.3823	 0.5060
J1058.4+5647	 0.1369	 3.499008	 3.9904	 1.0709
J1058.8+6223	 0.3700	 0.577227	 1.1097	 0.6421
J1059.9+6421	 0.1920	 0.146170	 0.5526	 0.5436
J1100.8+1033	 0.0353	 0.144283	 0.6129	 0.5928
J1101.2-2243	 0.1416	 1.708747	 2.5688	 0.9232
J1103.6+3555	 0.7750	 2.330663	 1.8473	 0.6485
J1104.4+3600	 0.4970	 0.832738	 1.2487	 0.6357
J1107.3-2300	 0.0639	 0.419825	 1.1530	 0.7252
J1109.3+4133	 0.0763	 0.623486	 1.4550	 0.7806
J1109.7+2145	 0.0319	 0.090281	 0.4615	 0.5399
J1110.0-2957	 0.2000	 0.279635	 0.8158	 0.6172
J1110.7+2842	 0.0314	 0.137905	 0.5978	 0.5886
J1111.6+4050	 0.0794	 1.063920	 2.0112	 0.8687
J1112.9+1326	 0.1690	 2.337416	 3.0475	 0.9681
J1113.0-2615	 0.7250	 2.209449	 1.8657	 0.6638
J1113.3+1735	 0.1706	 4.039507	 4.2492	 1.0809
J1113.3+0231	 0.0780	 1.090082	 2.0432	 0.8736
J1113.8+4017	 0.0795	 0.131961	 0.5633	 0.5683
J1114.1-3811	 0.1306	 2.786009	 3.4886	 1.0261
J1114.3+5823	 0.2065	 3.377598	 3.7085	 1.0200
J1115.5+5426	 0.0691	 0.361300	 1.0484	 0.7014
J1115.8+0129	 0.3499	12.258363	 7.2696	 1.2108
J1116.0+2441	 0.1021	 0.522951	 1.2838	 0.7424
J1116.9+1803	 0.0032	 0.000215	 0.0118	 0.1606
J1117.2+1744	 0.3050	 0.497340	 1.0680	 0.6498
J1117.4+0743	 0.4770	 0.702895	 1.1452	 0.6225
J1117.5+1744	 0.5470	 2.056833	 2.0778	 0.7386
J1117.5+0746	 0.1550	 0.084347	 0.4062	 0.4969
J1119.4+2106	 0.1740	 0.130346	 0.5223	 0.5368
J1119.7+2126	 0.0610	 0.008374	 0.1062	 0.3278
J1120.1+4318	 0.6000	 4.957997	 3.3968	 0.8519
J1120.9+2326	 0.5620	 3.135421	 2.6529	 0.7965
J1121.5+4803	 0.1120	 0.881111	 1.7522	 0.8208
J1121.7+0249	 0.0468	 0.286710	 0.9244	 0.6774
J1122.2+6712	 0.0560	 0.085332	 0.4388	 0.5269
J1122.3+2419	 0.0258	 0.033021	 0.2510	 0.4415
J1122.8+0106	 0.0720	 0.266421	 0.8690	 0.6583
J1122.8+3407	 0.0430	 0.068931	 0.3886	 0.5081
J1123.1+1409	 0.3400	 0.923950	 1.5148	 0.7205
J1123.2+1935	 0.1042	 0.960101	 1.8566	 0.8390
J1123.9+2129	 0.1904	 3.833487	 4.0552	 1.0569
J1124.0-1700	 0.4070	 0.854439	 1.3673	 0.6787
J1124.6+4155	 0.1950	 0.606205	 1.3125	 0.7245
J1124.7+3859	 0.3014	 0.318403	 0.8160	 0.5948
J1125.3+3854	 0.5477	 0.912743	 1.2653	 0.6258
J1126.9+1706	 0.1270	 1.521819	 2.4190	 0.9094
J1127.7+4309	 0.3440	 0.954152	 1.5399	 0.7234
J1128.0+7529	 0.1650	 1.349382	 2.1865	 0.8679
J1128.9+4252	 0.4110	 1.297999	 1.7586	 0.7369
J1129.8+2347	 0.1371	 1.367170	 2.2495	 0.8846
J1130.0+3637	 0.0600	 0.232755	 0.8069	 0.6447
J1130.0+2028	 0.1290	 1.561726	 2.4540	 0.9131
J1130.0-4213	 0.1550	 2.822864	 3.4547	 1.0143
J1130.3-1434	 0.1068	 2.605129	 3.4062	 1.0262
J1131.3+3334	 0.2212	 2.606092	 3.1308	 0.9590
J1131.9-1955	 0.3075	12.461967	 7.5980	 1.2485
J1132.3+5558	 0.0527	 0.304952	 0.9561	 0.6838
J1132.8+1428	 0.0834	 2.074613	 3.0137	 0.9927
J1133.2+6622	 0.1160	 1.489357	 2.4063	 0.9111
J1133.9+7506	 0.1220	 0.654442	 1.4512	 0.7682
J1134.2+5952	 0.2900	 0.325743	 0.8350	 0.6020
J1134.8+4903	 0.0341	 0.090252	 0.4608	 0.5392
J1135.2-1331	 0.0722	 0.491547	 1.2622	 0.7455
J1135.9+2131	 0.1330	 0.122489	 0.5182	 0.5430
J1138.7+0315	 0.1270	 0.099899	 0.4596	 0.5228
J1139.4-3327	 0.1076	 1.218610	 2.1420	 0.8789
J1140.3+6608	 0.7843	 3.181918	 2.2159	 0.6865
J1141.2+1044	 0.1090	 0.592020	 1.3779	 0.7584
J1141.4-1216	 0.1195	 1.893646	 2.7789	 0.9548
J1142.0+2145	 0.1310	 0.299388	 0.8950	 0.6519
J1142.1+1008	 0.1190	 0.250559	 0.8099	 0.6331
J1142.2+1027	 0.1170	 0.169549	 0.6392	 0.5855
J1142.5+5832	 0.3220	 5.242201	 4.4294	 1.0373
J1142.6+1028	 0.1880	 0.092461	 0.4192	 0.4964
J1143.5+4623	 0.1167	 2.786307	 3.5238	 1.0344
J1144.6+1945	 0.0214	 1.104603	 2.1398	 0.9032
J1144.6+6724	 0.1159	 1.559224	 2.4747	 0.9197
J1145.3-3425	 0.0697	 0.753240	 1.6403	 0.8141
J1145.3+1529	 0.0670	 0.386073	 1.0933	 0.7118
J1145.6-5420	 0.1550	 3.566290	 3.9840	 1.0637
J1146.4+2854	 0.1490	 0.335973	 0.9477	 0.6604
J1147.3+5544	 0.0510	 0.188477	 0.7138	 0.6206
J1149.0+5135	 0.1320	 0.765425	 1.5852	 0.7885
J1149.5+2224	 0.5450	14.471760	 9.3427	 1.2200
J1149.7-1219	 0.1557	 2.759880	 3.4057	 1.0093
J1149.8+1046	 0.3030	 1.382360	 1.9951	 0.8009
J1151.6-1619	 0.0722	 0.684855	 1.5451	 0.7974
J1151.6+8104	 0.2900	 0.149127	 0.5185	 0.5136
J1152.5+3732	 0.2300	 0.754425	 1.4603	 0.7414
J1155.3+2324	 0.1427	 6.044138	 5.5454	 1.1927
J1156.0+7325	 0.0830	 0.521997	 1.2996	 0.7501
J1156.7+4238	 0.1740	 0.682912	 1.4338	 0.7516
J1156.9+2415	 0.1392	 1.497723	 2.3746	 0.9000
J1157.3+3336	 0.2138	 4.167436	 4.1921	 1.0598
J1157.4+0503	 0.0770	 0.536064	 1.3263	 0.7567
J1158.1+5521	 0.1350	 0.035620	 0.2437	 0.4220
J1159.2+4947	 0.2110	 3.214715	 3.5861	 1.0071
J1159.8+5531	 0.0808	 0.175650	 0.6700	 0.6019
J1200.0+1124	 0.2070	 1.222022	 1.9944	 0.8293
J1200.0-3124	 0.0685	 0.696381	 1.5649	 0.8018
J1200.1+6809	 0.2650	 1.065325	 1.7540	 0.7781
J1200.3+5613	 0.0650	 0.528068	 1.3251	 0.7594
J1200.4+0320	 0.1339	 3.673409	 4.1194	 1.0834
J1200.8-0327	 0.3960	 1.303910	 1.7854	 0.7450
J1201.0-4623	 0.1180	 1.226852	 2.1350	 0.8749
J1201.0+1209	 0.3040	 1.829505	 2.3650	 0.8473
J1201.3+2306	 0.2690	 4.889634	 4.4278	 1.0579
J1201.9+5802	 0.1031	 0.720191	 1.5593	 0.7918
J1202.2+5751	 0.6770	 3.301656	 2.4828	 0.7442
J1202.9-0650	 0.1268	 1.459417	 2.3584	 0.9018
J1203.0+2836	 0.1341	 1.112234	 1.9879	 0.8497
J1203.2-2131	 0.1992	 6.614737	 5.6182	 1.1745
J1204.0+2807	 0.1631	 0.938697	 1.7549	 0.8071
J1204.1+2020	 0.0252	 0.048796	 0.3186	 0.4781
J1204.3-0350	 0.2610	 0.261986	 0.7480	 0.5865
J1204.4+0154	 0.0199	 0.167122	 0.6772	 0.6158
J1204.9+2237	 0.2519	 1.150595	 1.8572	 0.7969
J1205.0-0332	 0.3680	 0.240296	 0.6514	 0.5381
J1205.2+3920	 0.0381	 0.340250	 1.0322	 0.7047
J1205.5+4419	 0.3384	 0.349007	 0.8378	 0.5918
J1205.8+4429	 0.5921	 1.474370	 1.6324	 0.6694
J1206.1+4419	 0.2946	 0.247587	 0.7038	 0.5676
J1206.2-0848	 0.4414	17.584850	 8.4019	 1.2266
J1206.4+2215	 0.0656	 0.153560	 0.6237	 0.5906
J1206.5-0744	 0.0680	 0.212334	 0.7588	 0.6300
J1206.6+2811	 0.0283	 0.076411	 0.4179	 0.5229
J1206.9+7139	 0.1912	 1.504147	 2.2909	 0.8734
J1208.3-2937	 0.1710	 0.539869	 1.2452	 0.7179
J1210.3+0523	 0.0748	 0.739334	 1.6160	 0.8088
J1210.7-4644	 0.0320	 0.202347	 0.7549	 0.6361
J1211.0+3519	 0.1380	 0.962224	 1.8147	 0.8232
J1211.2+3911	 0.3400	 1.575258	 2.0973	 0.8030
J1212.3-1816	 0.2690	 5.644133	 4.8327	 1.0892
J1212.3+2733	 0.3530	 6.412871	 4.8848	 1.0592
J1212.9+2727	 0.1790	 0.976020	 1.7760	 0.8058
J1213.5+0253	 0.4090	 1.100758	 1.5931	 0.7136
J1215.4-3900	 0.1190	 1.834651	 2.7267	 0.9489
J1216.3+2633	 0.4280	 1.293605	 1.7304	 0.7282
J1217.2+6940	 0.1070	 0.036944	 0.2542	 0.4320
J1217.6+0339	 0.0766	 2.744796	 3.5915	 1.0548
J1217.7+4729	 0.2700	 1.799222	 2.4049	 0.8628
J1217.8+2255	 0.1400	 0.227663	 0.7524	 0.6134
J1218.4+4013	 0.3038	 4.425047	 4.0532	 1.0140
J1218.4+3011	 0.3680	 0.342905	 0.8091	 0.5784
J1219.3-1315	 0.0688	 0.935270	 1.8728	 0.8512
J1220.2+7522	 0.0059	 0.001108	 0.0321	 0.2237
J1220.9+1810	 0.4294	 1.045536	 1.5180	 0.6967
J1221.4+4918	 0.7000	 4.885149	 3.0916	 0.7933
J1222.0+2709	 0.4720	 1.921205	 2.1231	 0.7662
J1222.1+7526	 0.2400	 0.336721	 0.8861	 0.6254
J1222.2+2559	 0.1600	 0.194059	 0.6727	 0.5869
J1223.1+1037	 0.0258	 0.122964	 0.5594	 0.5767
J1224.2+7531	 0.0056	 0.000153	 0.0096	 0.1497
J1224.6+3159	 0.0630	 0.155272	 0.6291	 0.5928
J1225.2+3213	 0.0594	 0.342342	 1.0213	 0.6975
J1226.3+6224	 0.3980	 1.032857	 1.5464	 0.7096
J1226.9+3332	 0.8880	11.252921	 4.3857	 0.8273
J1227.1+1951	 0.3241	 5.297243	 4.4502	 1.0381
J1227.2+0858	 0.0873	 0.116484	 0.5192	 0.5517
J1227.4+0849	 0.0896	 0.494315	 1.2514	 0.7391
J1227.8+6322	 0.1454	 1.245988	 2.1130	 0.8638
J1228.8+1924	 0.1610	 1.044463	 1.8759	 0.8258
J1229.0+4737	 0.2540	 3.320813	 3.5386	 0.9871
J1229.9+1147	 0.0852	 0.622518	 1.4447	 0.7765
J1230.2+2326	 0.2210	 0.619900	 1.3045	 0.7163
J1230.7+3439	 0.3331	 5.818125	 4.6781	 1.0520
J1230.7+1033	 0.1650	 4.160606	 4.3444	 1.0911
J1230.7+1220	 0.0036	 0.425069	 1.2092	 0.7508
J1231.0+0037	 0.0232	 0.022346	 0.1981	 0.4084
J1231.3+8225	 0.2053	 2.099382	 2.7776	 0.9267
J1231.7+4137	 0.1760	 0.346667	 0.9469	 0.6541
J1232.8+2605	 0.2200	 0.700255	 1.4062	 0.7347
J1233.9+1525	 0.2380	 1.584168	 2.2815	 0.8578
J1234.2+0947	 0.2290	 3.567656	 3.7690	 1.0173
J1234.2-3856	 0.2373	 6.244121	 5.2683	 1.1340
J1235.1+4117	 0.1890	 0.430329	 1.0699	 0.6782
J1235.9+2742	 0.3821	 0.632514	 1.1618	 0.6490
J1236.4+1631	 0.0780	 0.552660	 1.3503	 0.7610
J1236.4+1224	 0.0667	 0.039760	 0.2734	 0.4485
J1236.5+0051	 0.2050	 0.084442	 0.3916	 0.4824
J1236.7-3354	 0.0796	 0.755934	 1.6327	 0.8103
J1236.7-3531	 0.0736	 0.512317	 1.2932	 0.7512
J1236.9+2550	 0.1750	 0.308583	 0.8827	 0.6392
J1236.9+6311	 0.3019	 7.051162	 5.3930	 1.1161
J1237.6+2632	 0.2780	 0.245624	 0.7096	 0.5727
J1240.2-4825	 0.1520	 4.890162	 4.8403	 1.1362
J1240.4-1147	 0.1930	 0.215663	 0.7000	 0.5879
J1241.3+1834	 0.0730	 0.875003	 1.7931	 0.8378
J1241.5+3250	 0.3900	 2.750500	 2.8284	 0.8704
J1242.8+0241	 0.0031	 0.010027	 0.1231	 0.3506
J1243.3+2716	 0.1940	 2.069583	 2.7771	 0.9304
J1244.0+1653	 0.5490	 4.100588	 3.1592	 0.8486
J1244.6-1159	 0.0963	 1.375433	 2.3246	 0.9066
J1246.0+7057	 0.2250	 2.063762	 2.7077	 0.9124
J1247.3+5500	 0.0830	 0.353877	 1.0254	 0.6931
J1247.7-0548	 0.2928	 0.241987	 0.6950	 0.5657
J1247.7-0247	 0.1797	 2.417195	 3.0859	 0.9685
J1248.6-0548	 0.0041	 0.000201	 0.0113	 0.1583
J1248.7-4118	 0.0114	 0.693664	 1.6218	 0.8260
J1252.0-2920	 0.1880	 0.307073	 0.8715	 0.6336
J1252.5-3116	 0.0535	 0.931025	 1.8872	 0.8575
J1253.0+6248	 0.2350	 0.527551	 1.1696	 0.6873
J1253.0-0912	 0.0146	 0.037214	 0.2719	 0.4550
J1253.2-1522	 0.0462	 0.317309	 0.9838	 0.6917
J1253.2+1555	 0.2750	 0.581263	 1.2028	 0.6836
J1253.6-3931	 0.1794	 9.223238	 6.9838	 1.2717
J1254.0-0642	 0.1962	 3.728618	 3.9698	 1.0473
J1254.3-2901	 0.0542	 0.670025	 1.5435	 0.8018
J1254.6+2545	 0.1930	 0.157348	 0.5776	 0.5514
J1254.6-2913	 0.0544	 1.093054	 2.0799	 0.8855
J1254.7-1526	 0.1506	 2.011794	 2.8191	 0.9493
J1254.8+2550	 0.2330	 0.303865	 0.8368	 0.6151
J1255.5+3521	 0.1585	 0.665544	 1.4278	 0.7546
J1255.5-3019	 0.0541	 0.680511	 1.5583	 0.8043
J1255.7-1239	 0.0585	 0.237595	 0.8179	 0.6479
J1256.0+2556	 0.2320	 0.228254	 0.7034	 0.5807
J1256.4+0440	 0.2300	 1.710150	 2.4053	 0.8755
J1256.6+4715	 0.4040	 0.455388	 0.9339	 0.5984
J1256.9-3119	 0.0561	 0.389646	 1.1076	 0.7174
J1257.1-1724	 0.0473	 1.897483	 2.9254	 0.9944
J1257.1-1339	 0.0151	 0.019578	 0.1837	 0.3992
J1257.2-3022	 0.0554	 1.323277	 2.3354	 0.9201
J1257.3+6930	 0.2270	 2.162318	 2.7816	 0.9200
J1258.6-0145	 0.0845	 3.470646	 4.1213	 1.1015
J1258.8-2640	 0.0767	 0.729269	 1.6005	 0.8057
J1259.3-0411	 0.0845	 3.853573	 4.3928	 1.1252
J1259.7+2756	 0.0231	 3.455556	 4.2846	 1.1378
J1259.7-3237	 0.0760	 0.093313	 0.4571	 0.5307
J1259.8+3120	 0.0523	 0.055210	 0.3373	 0.4832
J1301.6-0650	 0.0898	 0.731062	 1.5884	 0.8002
J1301.7+1059	 0.2310	 0.610851	 1.2830	 0.7098
J1302.8-0230	 0.0847	 0.739347	 1.6050	 0.8043
J1303.0+5756	 0.1961	 1.490356	 2.2697	 0.8692
J1303.7-2415	 0.1288	 3.566213	 4.0606	 1.0801
J1303.7+1916	 0.0643	 0.937582	 1.8814	 0.8537
J1304.2-3030	 0.0117	 0.027264	 0.2254	 0.4278
J1304.4+3335	 0.1882	 2.635054	 3.2319	 0.9806
J1305.9-3739	 0.0497	 0.455873	 1.2242	 0.7432
J1305.9+3054	 0.1832	 3.187649	 3.6434	 1.0224
J1306.0+2630	 0.3063	 7.589307	 5.6206	 1.1297
J1306.9+4633	 0.2259	 5.132532	 4.7160	 1.0974
J1307.8+2925	 0.2410	 0.814660	 1.5174	 0.7479
J1308.5+5342	 0.3300	 0.810685	 1.4101	 0.7062
J1309.2-0136	 0.0880	 0.944863	 1.8597	 0.8439
J1309.9+3222	 0.2900	 0.335970	 0.8509	 0.6058
J1311.0-0310	 0.4940	 7.240105	 4.1524	 0.9500
J1311.1+3913	 0.0720	 0.573064	 1.3862	 0.7692
J1311.2+3228	 0.2450	 1.137481	 1.8542	 0.7984
J1311.5-0120	 0.1832	12.524024	 8.3920	 1.3502
J1311.5-0551	 0.4610	 1.395636	 1.7633	 0.7234
J1311.5+2200	 0.2660	 5.929316	 4.9919	 1.1022
J1311.7+2201	 0.1716	 1.003046	 1.8158	 0.8139
J1311.8+3227	 0.4300	 1.730126	 2.0627	 0.7715
J1312.3+3900	 0.4040	 1.875511	 2.2138	 0.7979
J1313.1+4616	 0.1830	 2.613452	 3.2283	 0.9821
J1313.6-3250	 0.0518	 0.024584	 0.2060	 0.4101
J1314.2-0659	 0.1892	 3.386654	 3.7635	 1.0313
J1314.2+4123	 0.2011	 1.597932	 2.3593	 0.8790
J1314.4+6434	 0.2200	 4.155888	 4.1653	 1.0552
J1314.4-2515	 0.2439	 9.892675	 6.9392	 1.2401
J1315.1+5149	 0.2836	 5.423392	 4.6626	 1.0705
J1315.3-1623	 0.0087	 0.105210	 0.5144	 0.5638
J1316.0+2855	 0.2530	 0.241908	 0.7170	 0.5800
J1317.1-3821	 0.2553	 7.145512	 5.6404	 1.1526
J1319.7-2127	 0.1640	 0.806904	 1.5992	 0.7822
J1320.0+7003	 0.3275	 6.148737	 4.8603	 1.0677
J1320.2+3308	 0.0362	 0.109082	 0.5165	 0.5598
J1320.7-4102	 0.0495	 0.275212	 0.9000	 0.6708
J1320.7-4855	 0.2270	 3.590285	 3.7894	 1.0199
J1320.9+3354	 0.1820	 1.669915	 2.4586	 0.8971
J1322.8+3138	 0.3083	 4.461179	 4.0587	 1.0128
J1323.5+1117	 0.0911	 0.793447	 1.6682	 0.8131
J1324.1+1358	 0.0230	 0.039969	 0.2825	 0.4596
J1324.7-5736	 0.0190	 0.741785	 1.6812	 0.8340
J1325.0-3813	 0.2960	 0.463299	 1.0301	 0.6442
J1325.1-2014	 0.1926	 3.746717	 3.9924	 1.0506
J1325.2+6550	 0.1800	 0.137534	 0.5373	 0.5408
J1325.5-3825	 0.4450	 1.554645	 1.9085	 0.7474
J1325.8+5919	 0.1515	 1.797908	 2.6306	 0.9274
J1326.2+1230	 0.2040	 7.539523	 6.0627	 1.2027
J1326.2+0013	 0.0826	 0.911157	 1.8258	 0.8402
J1326.9-2710	 0.0458	 1.667482	 2.7065	 0.9694
J1327.9-3130	 0.0480	 3.138519	 3.9741	 1.1010
J1329.4+1143	 0.0228	 0.017446	 0.1704	 0.3884
J1329.5+1147	 0.0220	 0.065077	 0.3805	 0.5078
J1329.6+2946	 0.0473	 0.018067	 0.1713	 0.3861
J1329.7-3136	 0.0488	 0.796247	 1.7210	 0.8328
J1329.8-3310	 0.0511	 0.016981	 0.1645	 0.3805
J1329.9+5834	 0.3020	 0.365238	 0.8868	 0.6114
J1330.8-0152	 0.0852	 2.127767	 3.0567	 0.9968
J1330.9+5814	 0.3100	 0.646700	 1.2484	 0.6832
J1331.5+1108	 0.0850	 0.025591	 0.2064	 0.4059
J1331.5+6238	 0.2190	 0.431904	 1.0481	 0.6664
J1331.5-3148	 0.0448	 0.241244	 0.8332	 0.6548
J1332.3-3308	 0.0487	 0.766811	 1.6821	 0.8265
J1332.5+5024	 0.2800	 4.177079	 3.9877	 1.0175
J1332.6+5419	 0.1017	 0.670640	 1.4944	 0.7811
J1332.7+5032	 0.2799	10.988898	 7.1929	 1.2386
J1332.9-2519	 0.1199	 1.139833	 2.0385	 0.8610
J1333.6-3139	 0.0490	 1.345772	 2.3698	 0.9265
J1333.6-2317	 0.1264	 2.405416	 3.1994	 0.9984
J1334.1+2013	 0.1710	 1.889759	 2.6730	 0.9261
J1334.3+5031	 0.6200	 3.405522	 2.6559	 0.7786
J1334.3+3441	 0.0240	 0.033179	 0.2520	 0.4423
J1334.5+3756	 0.3080	 0.070778	 0.3245	 0.4363
J1335.0+3749	 0.3820	 0.210370	 0.5938	 0.5189
J1335.3+4059	 0.2279	 8.101197	 6.2197	 1.2026
J1336.1+5912	 0.0701	 1.370998	 2.3626	 0.9193
J1336.6-3357	 0.0123	 0.010740	 0.1276	 0.3539
J1336.7+3837	 0.1800	 0.082806	 0.3943	 0.4878
J1337.1+2649	 0.4100	 0.777014	 1.2872	 0.6644
J1337.4-4120	 0.0519	 0.321234	 0.9874	 0.6913
J1337.8+2638	 0.3420	 0.519477	 1.0646	 0.6401
J1337.8+3854	 0.2520	 0.393893	 0.9659	 0.6408
J1338.0-2944	 0.1890	 0.581972	 1.2861	 0.7211
J1338.4+2644	 0.0290	 0.001953	 0.0446	 0.2481
J1338.8+3851	 0.2460	 1.455985	 2.1537	 0.8390
J1339.0+2745	 0.1300	 0.088286	 0.4254	 0.5089
J1339.5+1830	 0.1140	 0.461912	 1.1802	 0.7190
J1340.5+4017	 0.1710	 0.189478	 0.6576	 0.5803
J1340.9+3958	 0.1690	 0.390780	 1.0240	 0.6730
J1341.8+2622	 0.0724	 1.486290	 2.4779	 0.9333
J1342.0+0213	 0.0765	 0.786086	 1.6756	 0.8181
J1342.8+4028	 0.6990	 1.949147	 1.7670	 0.6586
J1343.4+4053	 0.1400	 0.097808	 0.4495	 0.5166
J1343.4+5546	 0.0673	 0.033106	 0.2444	 0.4320
J1343.7+5538	 0.0766	 0.189253	 0.7032	 0.6125
J1344.3+3906	 0.2997	 1.963241	 2.4774	 0.8619
J1346.2-1632	 0.0557	 0.252995	 0.8514	 0.6572
J1346.8-3752	 0.0377	 0.179580	 0.6992	 0.6190
J1347.2-3025	 0.0145	 0.014948	 0.1559	 0.3780
J1347.4-3250	 0.0391	 3.819920	 4.5067	 1.1514
J1347.5-1144	 0.4516	37.304424	13.1779	 1.4195
J1348.8+2635	 0.0622	 5.478067	 5.5280	 1.2236
J1348.9-2526	 0.1269	 1.452597	 2.3515	 0.9008
J1349.0+4918	 0.1670	 0.592506	 1.3218	 0.7333
J1349.3-3018	 0.0160	 0.044510	 0.3030	 0.4715
J1349.3+2806	 0.0748	 1.273561	 2.2515	 0.9033
J1350.7-3343	 0.1142	 1.283421	 2.2004	 0.8849
J1350.8+6007	 0.7960	 4.315041	 2.6419	 0.7246
J1351.7+4622	 0.0625	 0.291879	 0.9247	 0.6741
J1352.2-0945	 0.2021	 3.015672	 3.4724	 0.9995
J1353.0+0509	 0.0788	 1.044658	 1.9898	 0.8657
J1353.4-2753	 0.0468	 0.261925	 0.8749	 0.6651
J1354.0+1455	 0.1251	 1.305702	 2.2064	 0.8824
J1354.2-0221	 0.5460	 2.071784	 2.0887	 0.7402
J1354.6+7715	 0.3967	 8.733438	 5.6900	 1.0960
J1354.8+6917	 0.2070	 0.121863	 0.4890	 0.5191
J1357.3+6232	 0.5250	 2.520954	 2.3964	 0.7813
J1358.0+2038	 0.0620	 0.117945	 0.5323	 0.5609
J1358.9-4750	 0.0740	 2.448410	 3.3558	 1.0321
J1359.2+2758	 0.0612	 1.016556	 1.9807	 0.8693
J1359.5+6219	 0.3320	 2.294230	 2.6547	 0.8713
J1359.8+6231	 0.3259	 5.624789	 4.6093	 1.0497
J1400.2+7207	 0.2143	 2.062938	 2.7294	 0.9184
J1401.0+0252	 0.2528	19.721872	10.4956	 1.4189
J1401.6-1107	 0.0698	 0.637642	 1.4817	 0.7870
J1403.5-3359	 0.0132	 0.035984	 0.2666	 0.4523
J1404.4+0423	 0.2300	 0.506584	 1.1455	 0.6837
J1406.2+2830	 0.5460	 1.288913	 1.5639	 0.6721
J1406.9+2834	 0.1180	 0.136141	 0.5587	 0.5596
J1407.4-2700	 0.0230	 0.360859	 1.0806	 0.7189
J1407.8-5100	 0.0966	 3.918665	 4.4006	 1.1214
J1408.1-0904	 0.0354	 0.142062	 0.6071	 0.5909
J1410.2+5942	 0.3160	 1.420518	 2.0075	 0.7986
J1410.2+5938	 0.3190	 0.890648	 1.5066	 0.7249
J1410.4-4246	 0.0490	 0.470315	 1.2483	 0.7482
J1411.4+5212	 0.4599	 6.550027	 4.5306	 0.9912
J1412.5-0309	 0.2210	 0.593267	 1.2700	 0.7099
J1413.7+4339	 0.0890	 1.023860	 1.9516	 0.8573
J1414.2+7115	 0.2250	 3.412967	 3.6798	 1.0107
J1415.1+3612	 0.7000	 2.945800	 2.2711	 0.7158
J1415.2-0030	 0.1403	 1.912070	 2.7537	 0.9452
J1415.3+2308	 0.0640	 0.008793	 0.1092	 0.3305
J1415.8+0015	 0.1259	 0.468866	 1.1809	 0.7163
J1416.4+2315	 0.1380	 0.926105	 1.7728	 0.8168
J1416.4+4446	 0.4000	 2.804131	 2.8385	 0.8681
J1416.5+3045	 0.1860	 0.916337	 1.7001	 0.7922
J1416.8-1158	 0.0982	 1.001648	 1.9133	 0.8491
J1418.5+2510	 0.2900	 2.578398	 2.9480	 0.9166
J1418.9+4903	 0.2806	 4.215661	 4.0082	 1.0190
J1419.3+0638	 0.5740	 2.166663	 2.0962	 0.7329
J1419.8+0634	 0.5641	 1.256418	 1.5163	 0.6604
J1421.5+4933	 0.0716	 0.790784	 1.6874	 0.8214
J1421.6+3717	 0.1813	 3.409117	 3.8011	 1.0376
J1421.9-2009	 0.1208	 1.060659	 1.9497	 0.8480
J1423.1+2615	 0.0375	 0.064889	 0.3759	 0.5033
J1423.1+2942	 0.2610	 0.799622	 1.4771	 0.7359
J1423.7-5412	 0.3000	13.687554	 8.0935	 1.2787
J1423.7+2404	 0.5430	13.056778	 4.9804	 0.9900
J1423.8+4015	 0.0822	 0.402944	 1.1105	 0.7120
J1425.0+3758	 0.1630	 0.213935	 0.7123	 0.5976
J1425.3+6311	 0.1394	 2.606019	 3.3281	 1.0071
J1426.0+3749	 0.1712	 9.182178	 7.0075	 1.2768
J1427.6-2521	 0.3180	 4.100000	 3.3000	 0.9400
J1427.9+2630	 0.0324	 0.005390	 0.0827	 0.3044
J1428.4+5652	 0.1051	 0.921395	 1.8095	 0.8315
J1428.9+0145	 0.3200	 1.512360	 2.0790	 0.8068
J1429.0+4241	 0.9200	 3.360775	 2.0435	 0.6334
J1431.1+2538	 0.0908	 1.191519	 2.1380	 0.8833
J1432.4+3137	 0.1313	 2.085625	 2.9225	 0.9671
J1434.2-3229	 0.2410	 2.891941	 3.2855	 0.9676
J1435.0-2821	 0.0689	 0.460721	 1.2161	 0.7370
J1436.8-0900	 0.0842	 0.733684	 1.5981	 0.8033
J1436.9+5507	 0.1250	 0.158832	 0.6107	 0.5751
J1438.8+6423	 0.1460	 0.220032	 0.7337	 0.6071
J1440.6+0328	 0.0263	 0.192567	 0.7352	 0.6316
J1442.3+2218	 0.0901	 1.364553	 2.3234	 0.9083
J1444.1+6344	 0.2980	 0.668555	 1.2862	 0.6931
J1444.3+3114	 0.2340	 3.227676	 3.5321	 0.9937
J1447.4+0827	 0.1954	 4.749574	 4.6039	 1.1006
J1448.6-2749	 0.1750	 0.609173	 1.3363	 0.7340
J1451.1+1436	 0.1460	 2.562299	 3.2781	 0.9998
J1451.2+1840	 0.0439	 0.018688	 0.1752	 0.3895
J1452.9+5802	 0.3179	 8.276290	 5.8708	 1.1412
J1452.9+1641	 0.0444	 0.262857	 0.8782	 0.6664
J1453.1+2153	 0.1186	 0.887055	 1.7512	 0.8188
J1454.4+1622	 0.0456	 0.091606	 0.4614	 0.5375
J1454.5+1838	 0.0586	 0.770331	 1.6755	 0.8228
J1455.2-3325	 0.1158	 1.288239	 2.2029	 0.8848
J1456.2-3826	 0.1150	 1.431915	 2.3510	 0.9044
J1456.2+2221	 0.1080	 0.206448	 0.7253	 0.6125
J1456.3-0549	 0.2200	 3.831716	 3.9640	 1.0379
J1457.2+2220	 0.2579	 8.628537	 6.3150	 1.1956
J1459.0-0843	 0.1043	 1.001337	 1.9047	 0.8461
J1459.4-1811	 0.2357	13.967532	 8.6180	 1.3370
J1500.0+2234	 0.2300	 0.325414	 0.8745	 0.6249
J1500.3+2121	 0.1530	 5.267989	 5.0613	 1.1528
J1500.8+2244	 0.4500	 1.696465	 2.0045	 0.7582
J1501.0-0824	 0.5100	 0.688869	 1.1003	 0.6063
J1501.1+0141	 0.0050	 0.030004	 0.2399	 0.4377
J1501.3-0830	 0.1080	 0.592345	 1.3793	 0.7589
J1501.3+4220	 0.2917	 4.894797	 4.3520	 1.0430
J1504.1-0248	 0.2153	24.968847	12.4750	 1.5235
J1504.6-1453	 0.2840	 0.949354	 1.6107	 0.7510
J1506.4+0136	 0.0060	 0.011067	 0.1305	 0.3572
J1510.1+3330	 0.1130	 3.513114	 4.0695	 1.0866
J1510.9+0543	 0.0766	 8.726709	 7.2708	 1.3344
J1511.1+1802	 0.1161	 0.893878	 1.7625	 0.8213
J1511.3+0619	 0.0817	 1.406968	 2.3811	 0.9183
J1511.5+0145	 0.0384	 0.080177	 0.4275	 0.5252
J1512.2-2254	 0.3152	 8.972247	 6.1805	 1.1621
J1512.6+3451	 0.1489	 0.859608	 1.6807	 0.7994
J1512.8-0128	 0.1223	 1.283205	 2.1875	 0.8808
J1514.2+5527	 0.4753	 0.662599	 1.1063	 0.6158
J1514.3+3636	 0.3720	 3.028141	 3.0438	 0.8982
J1514.6-4558	 0.0580	 1.645635	 2.6628	 0.9604
J1514.9+5541	 0.5590	 1.690350	 1.8248	 0.7039
J1514.9-1523	 0.2226	 6.427656	 5.4232	 1.1511
J1515.5+4346	 0.1370	 0.249047	 0.7965	 0.6258
J1515.6+4350	 0.2430	 0.268128	 0.7694	 0.5960
J1516.3+0005	 0.1181	 1.689631	 2.5949	 0.9337
J1516.5-0056	 0.1198	 1.296543	 2.2053	 0.8839
J1516.7+0701	 0.0353	 1.442058	 2.4945	 0.9465
J1517.9+3127	 0.7440	 1.771106	 1.6042	 0.6264
J1518.3-4632	 0.0560	 0.468575	 1.2396	 0.7448
J1518.7+0613	 0.1021	 2.241343	 3.1180	 0.9979
J1520.9+4840	 0.1076	 1.696173	 2.6205	 0.9400
J1521.2+3038	 0.0777	 1.884743	 2.8536	 0.9766
J1521.8+0742	 0.0442	 1.482131	 2.5215	 0.9473
J1522.2+2952	 0.1170	 0.416706	 1.1060	 0.7029
J1522.4+2742	 0.0723	 2.627874	 3.5078	 1.0480
J1523.0+0836	 0.0355	 1.138819	 2.1598	 0.9020
J1523.1+3050	 0.0756	 0.441601	 1.1796	 0.7280
J1524.0+1003	 0.2200	 0.265000	 0.7775	 0.6031
J1524.1+2955	 0.1145	 4.263016	 4.5741	 1.1292
J1524.2-3154	 0.1028	 2.820712	 3.5855	 1.0452
J1524.6+0957	 0.5160	 3.687757	 3.0450	 0.8493
J1524.8+1005	 0.2510	 0.192446	 0.6246	 0.5543
J1525.7+2825	 0.1515	 1.815528	 2.6463	 0.9292
J1525.9+1814	 0.1270	 1.862146	 2.7358	 0.9474
J1528.0+6956	 0.1136	 0.841948	 1.7024	 0.8125
J1532.9+3021	 0.3450	14.727650	 8.1627	 1.2608
J1533.2+3108	 0.0673	 0.291699	 0.9213	 0.6722
J1535.0+0120	 0.3200	 0.766341	 1.3735	 0.7027
J1535.1-4658	 0.0360	 0.058044	 0.3516	 0.4925
J1536.5+0133	 0.3090	 2.818002	 3.0654	 0.9221
J1537.7+1200	 0.1340	 0.183334	 0.6622	 0.5891
J1539.5-8335	 0.0728	 2.235082	 3.1770	 1.0138
J1539.6+2147	 0.0411	 0.624786	 1.4922	 0.7960
J1539.7+3424	 0.2290	 5.054695	 4.6611	 1.0920
J1539.8+3043	 0.0980	 2.257681	 3.1409	 1.0017
J1540.1-0318	 0.1533	 4.225983	 4.4239	 1.1021
J1540.1+1752	 0.0916	 0.998933	 1.9190	 0.8518
J1540.1+6611	 0.2450	 0.813336	 1.5112	 0.7458
J1540.8+1445	 0.4410	 0.732240	 1.2099	 0.6430
J1541.1+6626	 0.2450	 0.719754	 1.4027	 0.7275
J1544.0+5346	 0.1120	 0.043596	 0.2802	 0.4455
J1545.0+3603	 0.0654	 0.684165	 1.5514	 0.8003
J1547.3+2057	 0.2660	 0.751548	 1.4167	 0.7244
J1548.7-0259	 0.1010	 0.935919	 1.8321	 0.8361
J1549.2+1123	 0.2260	 1.597991	 2.3149	 0.8657
J1552.2+2013	 0.1360	 0.351180	 0.9829	 0.6715
J1553.3+5107	 0.2354	 1.676440	 2.3664	 0.8691
J1554.2+3237	 0.0750	 0.321867	 0.9731	 0.6829
J1556.1+6621	 0.2339	 5.507116	 4.8927	 1.1078
J1557.7+3530	 0.1549	 1.883816	 2.6998	 0.9343
J1558.3+2713	 0.0894	10.676087	 8.1491	 1.3803
J1558.3-1410	 0.0970	 3.179797	 3.8731	 1.0745
J1559.1+6353	 0.8500	 3.358891	 2.1665	 0.6639
J1600.3+3313	 0.0880	 0.709528	 1.5616	 0.7962
J1601.3+5354	 0.1068	 1.238344	 2.1643	 0.8822
J1601.7-7544	 0.1530	 8.707393	 6.8760	 1.2768
J1602.3+1601	 0.0353	 1.358380	 2.4052	 0.9351
J1603.0+2524	 0.0888	 0.742090	 1.6041	 0.8031
J1604.5+1743	 0.0370	 0.508824	 1.3202	 0.7652
J1604.9+2355	 0.0326	 0.284521	 0.9289	 0.6815
J1605.5+7208	 0.1332	 1.024289	 1.8917	 0.8360
J1605.5+1626	 0.0370	 0.128329	 0.5700	 0.5783
J1606.7+2328	 0.3100	 0.528629	 1.1040	 0.6558
J1606.8+1746	 0.0321	 0.052369	 0.3311	 0.4833
J1614.1-6307	 0.0620	 0.515919	 1.3091	 0.7571
J1614.1+4909	 0.0579	 0.223393	 0.7880	 0.6400
J1614.1+3425	 0.2690	 0.703224	 1.3573	 0.7133
J1614.3-6052	 0.0157	 1.094716	 2.1360	 0.9042
J1614.4+6825	 0.1280	 0.045419	 0.2840	 0.4451
J1615.5+1927	 0.0308	 0.060798	 0.3629	 0.4985
J1615.7-0608	 0.2030	20.158522	11.0518	 1.4697
J1617.4+3456	 0.0315	 0.168099	 0.6744	 0.6127
J1618.2+2938	 0.2993	 2.725204	 3.0268	 0.9215
J1619.0+3230	 0.2740	 0.697055	 1.3447	 0.7098
J1620.3+1723	 0.1120	 0.099588	 0.4637	 0.5270
J1620.5+2953	 0.0972	 1.626729	 2.5734	 0.9376
J1621.0+2546	 0.1610	 1.170838	 2.0112	 0.8452
J1621.4+3810	 0.4630	 7.452147	 4.8110	 1.0100
J1623.5+2634	 0.4274	 2.615216	 2.6594	 0.8405
J1624.2+4114	 0.1825	 2.424488	 3.0851	 0.9675
J1626.3-3329	 0.1098	 4.364236	 4.6556	 1.1377
J1626.9+5528	 0.1300	 1.196061	 2.0841	 0.8644
J1627.3+4240	 0.0317	 0.065512	 0.3796	 0.5059
J1627.6+4055	 0.0301	 0.067444	 0.3868	 0.5093
J1627.9-2952	 0.0640	 0.263421	 0.8677	 0.6597
J1628.6+3932	 0.0299	 1.900691	 2.9626	 1.0040
J1629.7+5831	 0.1329	 1.208600	 2.0930	 0.8648
J1629.7+2123	 0.1840	 0.343633	 0.9362	 0.6498
J1630.2+2434	 0.0655	 0.268825	 0.8776	 0.6618
J1631.0+2121	 0.0980	 0.108038	 0.4922	 0.5400
J1631.6-7507	 0.1050	 3.829575	 4.3137	 1.1109
J1632.7+0534	 0.1514	13.625562	 9.0453	 1.3998
J1633.6+5714	 0.2390	 0.086619	 0.3875	 0.4749
J1633.8-0738	 0.0974	 0.756742	 1.6135	 0.8024
J1634.6+6738	 0.1668	 0.859751	 1.6588	 0.7910
J1635.8+6612	 0.1709	 4.670325	 4.6412	 1.1131
J1638.2-6420	 0.0508	 4.946943	 5.2350	 1.2059
J1639.9+5347	 0.1110	 0.586302	 1.3678	 0.7560
J1640.3+4642	 0.2280	14.053749	 8.7019	 1.3450
J1641.1+8232	 0.2060	 1.332633	 2.1042	 0.8446
J1641.8+4001	 0.4640	 2.834838	 2.7095	 0.8338
J1642.6+3935	 0.3550	 0.594889	 1.1442	 0.6525
J1643.2+5114	 0.1990	 1.878145	 2.6077	 0.9095
J1643.3+2131	 0.1535	 0.949215	 1.7794	 0.8135
J1645.4-7334	 0.0690	 0.928838	 1.8647	 0.8499
J1646.6-6023	 0.1480	 2.833308	 3.4803	 1.0193
J1649.2+5325	 0.0290	 0.045392	 0.3040	 0.4702
J1651.1+0459	 0.1540	 3.234289	 3.7563	 1.0434
J1652.2+4449	 0.1753	 2.291921	 2.9971	 0.9606
J1652.6+4011	 0.1481	 1.499174	 2.3606	 0.8955
J1652.9+4009	 0.1492	 1.661816	 2.5116	 0.9139
J1653.0-5943	 0.0480	 1.972425	 2.9939	 1.0019
J1654.3+2334	 0.0575	 0.192441	 0.7197	 0.6211
J1654.7+5854	 0.0869	 0.379890	 1.0678	 0.7017
J1655.0-2625	 0.0940	 1.308265	 2.2583	 0.8986
J1655.9-0113	 0.0408	 0.140920	 0.6019	 0.5882
J1657.7-0149	 0.0313	 0.091535	 0.4656	 0.5416
J1657.8+5301	 0.4790	 1.651062	 1.9244	 0.7395
J1658.0+2751	 0.0337	 0.182441	 0.7079	 0.6223
J1658.0+5254	 0.4655	 1.506823	 1.8407	 0.7325
J1658.5+3430	 0.3300	 1.560174	 2.1019	 0.8067
J1659.0+3229	 0.0621	 0.047025	 0.3038	 0.4652
J1659.6+6826	 0.0504	 0.107192	 0.5062	 0.5536
J1659.7+3410	 0.3410	 0.529230	 1.0776	 0.6430
J1659.7+3236	 0.1013	 1.121587	 2.0454	 0.8673
J1700.7+6412	 0.2250	 1.786504	 2.4797	 0.8861
J1700.8-3144	 0.1340	 1.153910	 2.0331	 0.8561
J1701.3+6414	 0.4530	 3.492559	 3.1055	 0.8763
J1701.4+3400	 0.0960	 0.127387	 0.5450	 0.5591
J1701.7+6421	 0.2200	 0.075974	 0.3630	 0.4678
J1702.2+6419	 0.2240	 0.142284	 0.5305	 0.5301
J1702.5+3330	 0.0843	 0.485041	 1.2416	 0.7385
J1702.7+3403	 0.0953	 4.045226	 4.4908	 1.1295
J1703.1+5938	 0.1822	 0.082451	 0.3926	 0.4867
J1703.8+7838	 0.0581	 3.543467	 4.2502	 1.1224
J1705.1-8210	 0.0737	 0.893157	 1.8148	 0.8410
J1705.9-7422	 0.1900	 2.593058	 3.1961	 0.9764
J1706.4-0132	 0.0912	 1.192577	 2.1386	 0.8832
J1709.8+3426	 0.0802	 1.783924	 2.7548	 0.9644
J1711.0+3941	 0.0647	 0.342667	 1.0182	 0.6956
J1712.4-2321	 0.0280	 4.942477	 5.3123	 1.2205
J1712.7+6403	 0.0809	 2.949060	 3.7410	 1.0678
J1714.3+4341	 0.0276	 0.047690	 0.3136	 0.4753
J1715.2+0309	 0.1647	 3.132952	 3.6551	 1.0301
J1715.3+5724	 0.0276	 0.253721	 0.8691	 0.6676
J1715.8+3656	 0.0910	 0.015804	 0.1532	 0.3668
J1716.1+2021	 0.1306	 1.367168	 2.2601	 0.8879
J1716.6+6410	 0.2507	 0.653070	 1.3161	 0.7108
J1717.3+4226	 0.1754	 2.576747	 3.2188	 0.9837
J1717.6+3627	 0.1709	 1.052919	 1.8713	 0.8223
J1717.8+1940	 0.1780	 4.786218	 4.6863	 1.1139
J1717.8+3235	 0.1054	 0.999271	 1.9009	 0.8452
J1718.1+5639	 0.1138	 1.702855	 2.6153	 0.9375
J1718.1+7801	 0.0584	 0.388635	 1.1041	 0.7161
J1720.1+2740	 0.1640	 3.482342	 3.9006	 1.0529
J1720.1+2637	 0.1644	 7.070933	 6.0057	 1.2157
J1720.2+3536	 0.3870	10.219680	 6.6709	 1.1600
J1721.4+6733	 0.0861	 0.024245	 0.1995	 0.4013
J1722.2+3042	 0.0500	 0.062215	 0.3634	 0.4957
J1722.4+3208	 0.2240	11.891143	 7.8832	 1.3033
J1722.9+4105	 0.3090	 1.167951	 1.7916	 0.7709
J1723.3+5658	 0.0272	 0.028398	 0.2287	 0.4279
J1723.7+8553	 0.1780	 4.051321	 4.2334	 1.0768
J1724.1+7000	 0.0386	 0.006886	 0.0957	 0.3189
J1724.2+6956	 0.0386	 0.007453	 0.1004	 0.3240
J1724.7+6716	 0.2540	 0.230828	 0.6962	 0.5741
J1726.9-0317	 0.0880	 0.950443	 1.8664	 0.8449
J1727.4+7035	 0.3059	 1.671902	 2.2352	 0.8309
J1728.6+7041	 0.5509	 3.486201	 2.8569	 0.8200
J1729.0+7440	 0.2130	 0.326916	 0.8885	 0.6321
J1730.4+7422	 0.1100	 0.459094	 1.1791	 0.7198
J1731.6+2251	 0.3890	 9.300000	12.8000	 1.4300
J1733.0+4345	 0.0307	 0.249901	 0.8593	 0.6644
J1735.0+6406	 0.1406	 0.992101	 1.8453	 0.8271
J1735.7-0721	 0.0239	 0.143362	 0.6151	 0.5956
J1735.9+1659	 0.0858	 0.347074	 1.0113	 0.6893
J1736.3+6803	 0.0248	 0.030499	 0.2392	 0.4347
J1740.5+3538	 0.0428	 0.280225	 0.9141	 0.6757
J1742.7+6735	 0.0420	 0.026385	 0.2165	 0.4182
J1742.8+3900	 0.0423	 0.213329	 0.7743	 0.6394
J1743.3+6440	 0.1790	 0.399458	 1.0301	 0.6720
J1743.4+6341	 0.3270	 1.902516	 2.3779	 0.8415
J1744.2+3259	 0.0757	 2.312610	 3.2372	 1.0192
J1745.2+6556	 0.6080	 1.156880	 1.3891	 0.6303
J1746.3+6849	 0.2030	 0.258970	 0.7767	 0.6065
J1746.5+6848	 0.3070	 0.297308	 0.7791	 0.5845
J1746.7+6639	 0.3864	 0.522739	 1.0307	 0.6226
J1747.2+4512	 0.1565	 1.568663	 2.4118	 0.8994
J1747.5+6343	 0.3280	 0.621375	 1.2009	 0.6699
J1748.6+7020	 0.3450	 0.621911	 1.1852	 0.6627
J1749.0+7014	 0.5790	 3.300896	 2.6983	 0.7956
J1749.3+4245	 0.2296	 1.906080	 2.5705	 0.8953
J1749.6+5334	 0.0909	 0.368896	 1.0459	 0.6959
J1749.8+6823	 0.0508	 0.009878	 0.1182	 0.3409
J1750.2+3504	 0.1712	 3.141204	 3.6434	 1.0267
J1751.1+6531	 0.0428	 0.022102	 0.1943	 0.4032
J1751.5+7013	 0.4925	 1.285017	 1.6330	 0.6964
J1751.6+6719	 0.0933	 0.154220	 0.6135	 0.5821
J1751.7+2304	 0.0132	 0.020277	 0.1879	 0.4025
J1752.0-6348	 0.1330	 2.808276	 3.4995	 1.0264
J1752.2+6522	 0.3923	 0.407319	 0.8809	 0.5895
J1753.4+5205	 0.0988	 0.333736	 0.9785	 0.6789
J1754.0+5805	 0.2263	 2.129747	 2.7575	 0.9176
J1754.0+6452	 0.2460	 0.173213	 0.5881	 0.5443
J1754.5+6904	 0.5113	 0.826416	 1.2281	 0.6286
J1754.6+6803	 0.0770	 0.592790	 1.4102	 0.7723
J1754.7+6623	 0.0879	 0.036352	 0.2551	 0.4353
J1755.3+6504	 0.0846	 0.024258	 0.1998	 0.4016
J1755.7+6752	 0.0833	 0.166650	 0.6477	 0.5947
J1755.8+6236	 0.0266	 0.046842	 0.3104	 0.4738
J1755.9+6314	 0.3850	 0.982274	 1.5159	 0.7084
J1756.5+6513	 0.0284	 0.003837	 0.0674	 0.2847
J1757.3+6631	 0.6909	 0.869925	 1.0879	 0.5621
J1757.7-0108	 0.0728	 1.112577	 2.0762	 0.8798
J1758.9+6520	 0.3652	 0.247869	 0.6654	 0.5425
J1759.0-1333	 0.0450	 0.727127	 1.6325	 0.8193
J1759.2+6902	 0.0994	 0.037882	 0.2595	 0.4361
J1800.5+6913	 0.0823	 0.339204	 0.9997	 0.6875
J1802.4-5236	 0.1250	 2.074725	 2.9264	 0.9696
J1802.7+4247	 0.0502	 0.081099	 0.4271	 0.5231
J1802.9+6339	 0.0907	 0.016324	 0.1563	 0.3693
J1804.1+0042	 0.0882	 2.013071	 2.9490	 0.9840
J1804.2+6729	 0.0617	 0.005052	 0.0780	 0.2957
J1804.4+1002	 0.1525	 4.548122	 4.6293	 1.1192
J1806.1+6813	 0.3030	 0.662094	 1.2736	 0.6896
J1806.4+7028	 0.0971	 0.098837	 0.4665	 0.5306
J1806.9+6537	 0.2630	 1.387088	 2.0634	 0.8220
J1807.4+6946	 0.0941	 0.047183	 0.2978	 0.4574
J1807.5+6429	 0.2391	 0.172939	 0.5906	 0.5465
J1808.7+6557	 0.2460	 0.144541	 0.5266	 0.5246
J1809.0-0414	 0.3050	 9.165294	 6.3125	 1.1748
J1811.0+4954	 0.0501	 0.534051	 1.3478	 0.7673
J1811.3+6447	 0.4510	 1.099327	 1.5373	 0.6937
J1812.0+3113	 0.2246	 0.196860	 0.6464	 0.5661
J1812.1+6353	 0.5408	 2.042146	 2.0796	 0.7406
J1813.1+6230	 0.1829	 0.181399	 0.6347	 0.5711
J1813.3-6127	 0.1470	 4.270501	 4.4728	 1.1086
J1814.2+6939	 0.0863	 0.187751	 0.6951	 0.6082
J1816.4+5314	 0.2764	 2.671417	 3.0450	 0.9312
J1816.5+6911	 0.2097	 0.198588	 0.6573	 0.5723
J1817.1+7024	 0.0859	 0.048345	 0.3040	 0.4617
J1817.7+6824	 0.2820	 2.068086	 2.5934	 0.8809
J1819.1+6909	 0.2050	 0.440992	 1.0729	 0.6750
J1819.8+6748	 0.2153	 0.213123	 0.6833	 0.5786
J1819.8+3307	 0.2796	 2.587135	 2.9785	 0.9233
J1820.1+6857	 0.0870	 0.385167	 1.0767	 0.7036
J1821.6+6827	 0.8156	 3.043934	 2.1004	 0.6661
J1822.6+6641	 0.0888	 0.036860	 0.2571	 0.4363
J1823.7+5658	 0.1050	 0.108655	 0.4915	 0.5385
J1824.1+3029	 0.0720	 0.595934	 1.4197	 0.7753
J1824.3+4309	 0.4870	 2.858804	 2.8469	 0.8400
J1825.3+3026	 0.0650	 1.611874	 2.6168	 0.9527
J1827.2+6134	 0.1014	 0.451663	 1.1746	 0.7209
J1829.0+6913	 0.2057	 1.310104	 2.0829	 0.8418
J1832.2+6832	 0.1981	 0.280576	 0.8186	 0.6183
J1832.5+6449	 0.1623	 1.234692	 2.0753	 0.8537
J1832.5+6848	 0.2050	 3.629950	 3.8795	 1.0360
J1833.7+6521	 0.1621	 0.285212	 0.8494	 0.6339
J1834.1+7057	 0.0824	 0.372431	 1.0583	 0.7006
J1836.5+6344	 0.0834	 0.516522	 1.2909	 0.7483
J1838.2+6321	 0.2167	 0.644456	 1.3402	 0.7239
J1839.2+7018	 0.2297	 0.284926	 0.8067	 0.6084
J1839.8-2108	 0.0680	 0.553785	 1.3613	 0.7655
J1840.6-7709	 0.0194	 0.115577	 0.5410	 0.5714
J1843.5+7949	 0.0510	 0.029233	 0.2291	 0.4249
J1843.6+5021	 0.1158	 0.830671	 1.6858	 0.8093
J1844.0+4533	 0.0918	 0.727414	 1.5813	 0.7985
J1844.5-3724	 0.2030	 3.386051	 3.7241	 1.0227
J1846.7-7431	 0.1410	 0.345098	 0.9689	 0.6672
J1847.2+7320	 0.1125	 0.831754	 1.6911	 0.8110
J1847.3-6320	 0.0146	 0.034601	 0.2601	 0.4483
J1852.1+5711	 0.1094	 1.044438	 1.9473	 0.8509
J1853.9+6822	 0.0928	 1.106807	 2.0411	 0.8691
J1854.1+6858	 0.2415	 2.376503	 2.9137	 0.9294
J1855.8-6654	 0.1797	 2.714065	 3.3117	 0.9916
J1857.6+3800	 0.0567	 0.873617	 1.8114	 0.8450
J1900.4+6958	 0.0877	 0.926120	 1.8375	 0.8406
J1904.2+3626	 0.0780	 0.478417	 1.2366	 0.7390
J1905.7+7804	 0.1405	 2.750944	 3.4370	 1.0176
J1908.3+6903	 0.2103	 2.136681	 2.7969	 0.9272
J1910.1-2239	 0.0560	 0.355131	 1.0468	 0.7040
J1910.4+6741	 0.2471	 3.522396	 3.6878	 1.0033
J1912.6-7517	 0.0726	 1.181329	 2.1539	 0.8907
J1916.1+3525	 0.2090	 5.133317	 4.7777	 1.1089
J1917.5-1315	 0.1770	 3.860827	 4.1139	 1.0670
J1918.5-0842	 0.0900	 0.687403	 1.5296	 0.7902
J1921.1+4357	 0.0557	 5.941793	 5.8345	 1.2483
J1925.3+3705	 0.3140	10.460418	 6.7932	 1.1999
J1925.4-4256	 0.0774	 0.932548	 1.8585	 0.8466
J1926.1+4832	 0.0980	 1.395062	 2.3419	 0.9083
J1926.9-5342	 0.0570	 0.633984	 1.4895	 0.7916
J1927.5+6549	 0.1886	 1.515948	 2.3064	 0.8762
J1928.2-5055	 0.1496	 2.048744	 2.8527	 0.9534
J1930.0-1509	 0.0829	 1.173652	 2.1301	 0.8844
J1930.1+7403	 0.2910	 0.428587	 0.9863	 0.6361
J1931.6-3354	 0.0972	 1.431743	 2.3806	 0.9136
J1931.8-2634	 0.3520	19.639807	 5.9238	 1.1300
J1934.7-5053	 0.2371	 5.672293	 4.9694	 1.1123
J1935.3+6734	 0.1706	 1.434823	 2.2605	 0.8758
J1938.3+5409	 0.2600	 7.960610	 6.0024	 1.1747
J1938.3-4748	 0.2665	 5.631362	 4.8355	 1.0904
J1941.7+7709	 0.0480	 0.004677	 0.0751	 0.2933
J1946.5-4256	 0.1128	 0.970285	 1.8573	 0.8367
J1947.3-7623	 0.2170	 4.543361	 4.4080	 1.0764
J1947.6-0542	 0.0280	 0.062381	 0.3693	 0.5019
J1948.3+5113	 0.1850	 3.184473	 3.6363	 1.0211
J1952.2-5503	 0.0600	 0.625870	 1.4748	 0.7882
J1953.0-5201	 0.1069	 1.570210	 2.5013	 0.9258
J1957.2+5751	 0.0880	 0.808131	 1.6906	 0.8175
J1958.2-3011	 0.1171	 3.599818	 4.1184	 1.0894
J1959.1-3454	 0.1728	 2.372899	 3.0670	 0.9689
J1959.5+4044	 0.0561	 3.492455	 4.2185	 1.1203
J2002.6+7753	 0.3492	 2.119051	 2.4943	 0.8479
J2003.2-3247	 0.2560	 0.692598	 1.3585	 0.7169
J2003.4-5556	 0.0148	 0.003581	 0.0652	 0.2827
J2003.5-2323	 0.3171	 8.163105	 5.8255	 1.1386
J2009.0-5421	 0.0516	 0.214478	 0.7720	 0.6369
J2009.9-4823	 0.0097	 0.012086	 0.1374	 0.3630
J2009.9+7744	 0.3461	 0.692785	 1.2647	 0.6769
J2011.3-5725	 0.2786	 6.390161	 5.1735	 1.1103
J2011.8-3555	 0.1720	 0.253659	 0.7850	 0.6153
J2012.0-4129	 0.1496	 2.261972	 3.0302	 0.9728
J2012.5-5649	 0.0556	 4.871933	 5.1696	 1.1990
J2014.2-8038	 0.1380	 1.647516	 2.5189	 0.9183
J2014.8-2430	 0.1612	 9.458634	 7.1884	 1.2922
J2015.3+5609	 0.0820	 0.712705	 1.5725	 0.7996
J2016.2-8047	 0.1309	 1.356642	 2.2490	 0.8864
J2018.4-4102	 0.0192	 0.039326	 0.2804	 0.4591
J2018.7-5242	 0.0505	 0.691313	 1.5771	 0.8085
J2020.8-3002	 0.2073	 3.310399	 3.6611	 1.0154
J2021.9-5256	 0.1383	 1.504480	 2.3826	 0.9013
J2023.0-2056	 0.0564	 0.433695	 1.1821	 0.7330
J2023.4-5535	 0.2320	 4.609207	 4.3960	 1.0697
J2030.7-3532	 0.1398	 1.542954	 2.4170	 0.9052
J2031.8-4037	 0.3416	10.408733	 6.6240	 1.1775
J2032.1-5627	 0.1380	 1.700758	 2.5682	 0.9242
J2034.3-3429	 0.1240	 1.594585	 2.4943	 0.9196
J2034.7-3404	 0.0936	 1.800189	 2.7443	 0.9590
J2034.7-3548	 0.0894	 2.963013	 3.7297	 1.0637
J2034.9-2143	 0.1947	 3.024164	 3.4979	 1.0045
J2035.7-2513	 0.0200	 0.023408	 0.2042	 0.4129
J2036.6-2247	 0.1800	 0.348551	 0.9472	 0.6533
J2038.4-0125	 0.6730	 1.950236	 1.8072	 0.6705
J2040.1+1712	 0.1690	 6.206455	 5.5278	 1.1806
J2041.7+0721	 0.0639	 0.101031	 0.4838	 0.5429
J2042.1+2426	 0.1019	 3.129309	 3.8223	 1.0681
J2043.2-2144	 0.2041	 3.899712	 4.0556	 1.0518
J2043.2-2629	 0.0408	 0.177439	 0.6927	 0.6164
J2048.1-1750	 0.1475	 3.053689	 3.6443	 1.0352
J2048.6+2515	 0.0482	 0.484635	 1.2720	 0.7531
J2049.9-3216	 0.3230	 6.100000	 6.6000	 1.1800
J2050.7+0123	 0.3334	 3.799045	 3.6065	 0.9645
J2051.1+0216	 0.3211	 4.544809	 4.0631	 1.0083
J2051.6-5704	 0.0599	 0.018689	 0.1734	 0.3861
J2055.8-5455	 0.1390	 2.208812	 3.0097	 0.9741
J2056.3-0437	 0.5830	 2.193895	 2.0962	 0.7302
J2057.5+1334	 0.2232	 1.208608	 1.9567	 0.8193
J2058.2-0745	 0.0793	 0.502017	 1.2723	 0.7457
J2059.9-4245	 0.3230	 0.533139	 1.0983	 0.6514
J2101.4-4100	 0.1694	 2.250919	 2.9774	 0.9605
J2101.5-1317	 0.0282	 0.085412	 0.4473	 0.5349
J2101.8-2802	 0.0382	 0.283225	 0.9229	 0.6789
J2102.1-2431	 0.1880	 4.532349	 4.4993	 1.0950
J2103.4-4319	 0.0487	 0.244269	 0.8373	 0.6550
J2103.8+0437	 0.1694	 0.595973	 1.3241	 0.7331
J2104.3-4120	 0.1651	 3.814294	 4.1199	 1.0719
J2104.9+1401	 0.1615	 2.129536	 2.8953	 0.9542
J2104.9-5149	 0.0491	 0.517256	 1.3227	 0.7628
J2104.9-8243	 0.0969	 0.708510	 1.5506	 0.7920
J2106.0-3846	 0.1521	 2.433456	 3.1625	 0.9859
J2106.2+3426	 0.0870	 0.660132	 1.4955	 0.7850
J2106.8-0509	 0.4490	 2.614748	 2.6117	 0.8284
J2107.2-2526	 0.0381	 0.170094	 0.6763	 0.6121
J2108.6-0507	 0.2220	 0.090730	 0.4039	 0.4844
J2108.8-0516	 0.3190	 0.531756	 1.1000	 0.6528
J2111.6-2308	 0.0333	 0.062317	 0.3678	 0.5003
J2113.8+0233	 0.0494	 0.737509	 1.6418	 0.8197
J2114.3-6800	 0.1300	 0.168025	 0.6298	 0.5801
J2116.8-5929	 0.0602	 0.386497	 1.0991	 0.7146
J2124.3-7446	 0.0586	 0.429646	 1.1736	 0.7308
J2125.2-0657	 0.1153	 1.018847	 1.9100	 0.8438
J2125.9-3443	 0.0757	 0.381368	 1.0787	 0.7066
J2127.1-1209	 0.1760	 3.902586	 4.1441	 1.0699
J2127.4-2154	 0.1130	 0.600487	 1.3859	 0.7588
J2129.4-0741	 0.5940	12.003921	 7.6632	 1.1200
J2129.6+0005	 0.2347	10.024885	 7.0455	 1.2506
J2129.8-5048	 0.0796	 0.742068	 1.6143	 0.8072
J2133.4-7156	 0.0559	 0.225924	 0.7945	 0.6422
J2134.2-1328	 0.0897	 1.793951	 2.7460	 0.9604
J2135.2+0125	 0.1244	 1.610832	 2.5090	 0.9213
J2137.1+0026	 0.0509	 0.025669	 0.2117	 0.4139
J2137.8-4251	 0.1850	 0.680264	 1.4187	 0.7461
J2139.0-2333	 0.3200	 2.219173	 2.6267	 0.8722
J2139.8-2228	 0.0328	 0.082868	 0.4378	 0.5303
J2139.9-4305	 0.3760	 0.561344	 1.0856	 0.6360
J2140.2-2339	 0.3130	11.100000	 4.7000	 1.0600
J2143.9-5637	 0.0824	 1.678567	 2.6504	 0.9514
J2145.2+0344	 0.2390	 0.814502	 1.5196	 0.7488
J2145.9-1006	 0.0808	 1.085118	 2.0336	 0.8715
J2146.0+0423	 0.5310	 1.912492	 2.0147	 0.7357
J2146.3-5717	 0.0760	 0.916499	 1.8407	 0.8443
J2146.9-4354	 0.0620	 0.811447	 1.7255	 0.8300
J2147.0-1019	 0.0780	 0.475815	 1.2325	 0.7382
J2147.9-4600	 0.0593	 0.558388	 1.3764	 0.7705
J2149.1-3041	 0.1184	 2.053481	 2.9219	 0.9713
J2151.3-5521	 0.0385	 0.105898	 0.5065	 0.5557
J2151.4+1347	 0.2076	 2.533328	 3.1093	 0.9614
J2151.8-1543	 0.0614	 0.365145	 1.0608	 0.7059
J2152.2-1942	 0.0963	 0.962284	 1.8696	 0.8431
J2152.4-1933	 0.0943	 1.663138	 2.6137	 0.9433
J2153.5+1741	 0.2329	14.814972	 8.9525	 1.3554
J2154.1-5751	 0.0760	 2.097956	 3.0499	 0.9991
J2154.2-0400	 0.1509	 1.890749	 2.7138	 0.9372
J2155.6+1232	 0.1920	 3.256025	 3.6665	 1.0214
J2155.9+0109	 0.2190	 0.171934	 0.5977	 0.5526
J2156.4+3318	 0.0780	 1.757551	 2.7340	 0.9627
J2157.4-0747	 0.0579	 0.447234	 1.2033	 0.7370
J2158.3-2006	 0.0570	 0.276397	 0.8978	 0.6687
J2158.4-6023	 0.0750	 1.050267	 2.0015	 0.8685
J2158.5-0948	 0.0809	 0.877924	 1.7870	 0.8347
J2200.8+2058	 0.1470	 4.525650	 4.6339	 1.1217
J2201.8-2226	 0.0691	 0.619866	 1.4571	 0.7828
J2201.9-5956	 0.0980	 4.204419	 4.5890	 1.1367
J2202.0-0949	 0.0809	 0.878997	 1.7883	 0.8349
J2202.7-1902	 0.4380	 0.624359	 1.1006	 0.6238
J2203.8-2130	 0.0732	 0.322868	 0.9762	 0.6840
J2205.6-0535	 0.0582	 1.108636	 2.0925	 0.8862
J2209.3-5148	 0.1065	 1.552700	 2.4850	 0.9239
J2210.3-1210	 0.0846	 2.672473	 3.5139	 1.0445
J2211.7-0349	 0.3970	24.000000	18.1000	 1.6100
J2212.6-1713	 0.1340	 0.035590	 0.2437	 0.4221
J2213.0-2753	 0.0610	 0.291938	 0.9258	 0.6747
J2213.5-1656	 0.2970	 0.697280	 1.3207	 0.6995
J2214.4-1701	 0.1530	 2.159369	 2.9383	 0.9617
J2214.5-1022	 0.0980	 2.770068	 3.5581	 1.0442
J2214.8+1350	 0.0253	 0.048016	 0.3154	 0.4765
J2214.9-1400	 0.5027	12.885281	 6.6031	 1.1051
J2215.6+3718	 0.0190	 0.095101	 0.4805	 0.5494
J2216.2-0920	 0.0825	 1.438718	 2.4124	 0.9220
J2216.9-1725	 0.1301	 2.199352	 3.0213	 0.9783
J2217.7-3543	 0.1486	 3.430781	 3.9093	 1.0593
J2218.0-6511	 0.0951	 1.858113	 2.7949	 0.9644
J2218.2-0350	 0.0901	 1.725034	 2.6804	 0.9526
J2218.6-3853	 0.1411	 3.408267	 3.9150	 1.0626
J2218.6-0346	 0.0900	 0.955113	 1.8693	 0.8448
J2218.8-0258	 0.0902	 0.766658	 1.6346	 0.8078
J2220.1-5228	 0.1020	 0.707165	 1.5432	 0.7894
J2220.5-3509	 0.1544	 5.529494	 5.2077	 1.1633
J2222.2-5235	 0.1740	 0.314678	 0.8940	 0.6421
J2223.8-0138	 0.0906	 1.903100	 2.8449	 0.9716
J2224.4-5515	 0.0791	 0.864427	 1.7724	 0.8329
J2224.7-5632	 0.0355	 0.102021	 0.4961	 0.5524
J2225.8-0636	 0.0897	 0.990530	 1.9117	 0.8512
J2226.0+1722	 0.1072	 1.706366	 2.6308	 0.9414
J2226.1-4745	 0.1130	 0.508347	 1.2521	 0.7336
J2226.8+2550	 0.1650	 2.251172	 2.9873	 0.9630
J2227.4-4852	 0.0970	 0.514478	 1.2756	 0.7421
J2227.8-3034	 0.0579	 0.857532	 1.7896	 0.8413
J2228.6+2036	 0.4120	19.335949	 9.1224	 1.2752
J2228.8-6053	 0.0423	 0.156089	 0.6400	 0.6001
J2229.7-2755	 0.3240	10.090080	 4.7366	 1.0600
J2234.5-3744	 0.1510	 6.377529	 5.6953	 1.1999
J2234.8-3033	 0.2515	 3.594990	 3.7212	 1.0047
J2235.6+0128	 0.0594	 0.882529	 1.8194	 0.8455
J2237.0-1516	 0.2990	 1.131393	 1.7713	 0.7709
J2239.2-1719	 0.0751	 0.252626	 0.8395	 0.6501
J2239.4-0546	 0.2420	 0.541212	 1.1816	 0.6878
J2239.5-0600	 0.1730	 0.073247	 0.3678	 0.4778
J2239.6-0543	 0.2430	 0.784658	 1.4808	 0.7413
J2241.8+1732	 0.3137	 5.552210	 4.6179	 1.0551
J2242.8+5301	 0.1920	 3.773579	 4.0116	 1.0525
J2243.0-2009	 0.1359	 2.139620	 2.9585	 0.9696
J2243.3-0935	 0.4470	15.200000	17.4000	 1.5600
J2244.5-1744	 0.1325	 1.037720	 1.9078	 0.8386
J2245.0+2637	 0.3040	 7.436485	 5.5615	 1.1267
J2246.1-3600	 0.0673	 0.186467	 0.7013	 0.6138
J2246.3-5243	 0.0965	 2.565193	 3.3988	 1.0289
J2247.4+0337	 0.2000	 0.372576	 0.9718	 0.6542
J2248.5-1606	 0.2472	 4.663794	 4.3759	 1.0622
J2248.7-4431	 0.3475	27.166569	11.8328	 1.4256
J2249.2-3727	 0.0289	 0.046107	 0.3070	 0.4717
J2249.9-6425	 0.0940	 2.828545	 3.6139	 1.0510
J2250.0+1137	 0.0255	 0.049251	 0.3203	 0.4789
J2250.3+1054	 0.0768	 1.558638	 2.5431	 0.9401
J2250.8-4521	 0.0511	 0.110946	 0.5167	 0.5572
J2251.0-1624	 0.1221	 2.030655	 2.8944	 0.9670
J2251.7-3206	 0.2460	 5.495441	 4.8409	 1.0990
J2253.5-3343	 0.2240	 4.298821	 4.2390	 1.0598
J2254.0-6315	 0.2112	 5.115258	 4.7595	 1.1066
J2256.9+0532	 0.1696	 1.774552	 2.5751	 0.9151
J2257.8+2056	 0.2970	 0.435851	 0.9917	 0.6358
J2258.1+2055	 0.2880	 1.724586	 2.3105	 0.8457
J2300.2+2926	 0.0688	 0.327037	 0.9868	 0.6875
J2302.7+7137	 0.1450	 2.767448	 3.4383	 1.0162
J2302.8+0843	 0.7220	 2.060635	 1.7926	 0.6558
J2303.7+1523	 0.2470	 1.809870	 2.4573	 0.8764
J2305.4-3545	 0.2010	 0.256739	 0.7738	 0.6062
J2305.4-5130	 0.1940	 0.065218	 0.3373	 0.4608
J2305.5-4513	 0.1253	 1.595205	 2.4926	 0.9190
J2306.5-1319	 0.0659	 0.573779	 1.3931	 0.7719
J2306.8-1324	 0.0659	 0.380906	 1.0851	 0.7103
J2307.0+1631	 0.2502	 5.460739	 4.8065	 1.0947
J2307.2-1513	 0.1110	 1.552593	 2.4769	 0.9215
J2307.6+2716	 0.1100	 0.448440	 1.1624	 0.7163
J2308.3-0211	 0.2966	 9.365930	 6.4393	 1.1864
J2310.4+0734	 0.0424	 0.422374	 1.1742	 0.7346
J2311.1+1137	 0.2610	 2.687512	 3.0933	 0.9414
J2311.5+0338	 0.2998	10.423165	 6.8558	 1.2100
J2312.3-2130	 0.1108	 1.431443	 2.3576	 0.9065
J2312.7+1043	 0.3100	 0.692544	 1.3017	 0.6928
J2313.0-2137	 0.0871	 1.509152	 2.4758	 0.9286
J2313.9-4244	 0.0564	 1.811143	 2.8261	 0.9802
J2313.9+1444	 0.1627	 1.884716	 2.6851	 0.9301
J2315.7-3746	 0.1786	 4.573749	 4.5563	 1.1033
J2315.7-0222	 0.0267	 0.132105	 0.5841	 0.5849
J2316.1-2027	 0.0822	 1.211831	 2.1731	 0.8906
J2317.1+1841	 0.0422	 0.521412	 1.3354	 0.7669
J2318.0-4235	 0.2090	 0.281170	 0.8129	 0.6145
J2318.4+1843	 0.0389	 0.337656	 1.0268	 0.7033
J2318.5+1842	 0.0403	 0.334828	 1.0206	 0.7016
J2318.6+4257	 0.0174	 0.142418	 0.6152	 0.5969
J2319.1-4206	 0.0450	 1.405897	 2.4403	 0.9367
J2319.2-6750	 0.0286	 0.047485	 0.3126	 0.4746
J2319.5+1226	 0.1260	 0.229181	 0.7632	 0.6193
J2319.6-7313	 0.0984	 0.940691	 1.8412	 0.8382
J2320.2+4146	 0.1400	 2.053580	 2.8768	 0.9592
J2321.4-2312	 0.0890	 0.632654	 1.4552	 0.7774
J2321.5-4153	 0.0894	 1.625536	 2.5863	 0.9415
J2321.8-6941	 0.1846	 3.838378	 4.0761	 1.0608
J2321.8+1502	 0.1500	 1.245679	 2.1055	 0.8615
J2323.2+1811	 0.1540	 0.462149	 1.1469	 0.7026
J2323.6+0908	 0.1992	 2.238692	 2.9020	 0.9424
J2323.8+1648	 0.0416	 1.002026	 1.9896	 0.8760
J2324.3+1439	 0.0428	 0.579983	 1.4243	 0.7834
J2324.9+1841	 0.2018	 0.857558	 1.6134	 0.7742
J2325.3-1207	 0.0852	 3.557935	 4.1821	 1.1066
J2325.6-5443	 0.1020	 0.089432	 0.4374	 0.5185
J2326.2-2406	 0.0880	 0.351715	 1.0180	 0.6903
J2326.7-5242	 0.1074	 0.907222	 1.7895	 0.8278
J2328.8+1453	 0.4970	 0.940839	 1.3452	 0.6517
J2330.6+4556	 0.2420	 5.047277	 4.6104	 1.0829
J2331.2-3630	 0.0957	 2.419356	 3.2815	 1.0172
J2331.8-3747	 0.2800	 0.372581	 0.9135	 0.6226
J2333.8+2140	 0.1022	 0.701891	 1.5360	 0.7881
J2334.0+0704	 0.0990	 0.450691	 1.1750	 0.7215
J2335.0+2722	 0.0613	 0.532981	 1.3360	 0.7624
J2335.6+0217	 0.3877	 0.480857	 0.9785	 0.6116
J2336.1+2037	 0.0601	 0.293680	 0.9297	 0.6758
J2336.2-3136	 0.0643	 0.504007	 1.2886	 0.7525
J2336.5+2108	 0.0565	 0.868893	 1.8057	 0.8442
J2336.6+2355	 0.1245	 1.960864	 2.8284	 0.9588
J2337.6+0016	 0.2779	 6.899544	 5.4242	 1.1282
J2338.4+2700	 0.0309	 0.441378	 1.2154	 0.7458
J2340.1-8510	 0.1934	 2.901909	 3.4143	 0.9969
J2340.5+1029	 0.1800	 1.505460	 2.3115	 0.8795
J2341.1+0018	 0.1100	 0.611504	 1.4044	 0.7629
J2341.2-0901	 0.2510	 5.307297	 4.7207	 1.0879
J2344.2-0422	 0.0786	 1.852614	 2.8221	 0.9727
J2344.4-2153	 0.1122	 0.640960	 1.4430	 0.7693
J2344.9+0911	 0.0400	 0.907732	 1.8752	 0.8593
J2346.7-1028	 0.1911	 2.269213	 2.9440	 0.9496
J2347.4-0218	 0.0223	 0.031560	 0.2447	 0.4383
J2347.7-2808	 0.0300	 1.029501	 2.0383	 0.8863
J2348.2-2849	 0.2260	 2.510200	 3.0488	 0.9489
J2348.8-3117	 0.1840	 0.436396	 1.0831	 0.6822
J2350.1-0339	 0.1466	 1.283397	 2.1495	 0.8684
J2350.5+2929	 0.1498	 2.030570	 2.8368	 0.9515
J2350.5+2931	 0.0950	 1.074818	 2.0019	 0.8629
J2350.8+0609	 0.0562	 0.973729	 1.9360	 0.8641
J2351.6-2605	 0.2264	11.968015	 7.8996	 1.3031
J2354.2-1024	 0.0765	 1.336537	 2.3160	 0.9113
J2355.1-1500	 0.0857	 0.072643	 0.3897	 0.5016
J2355.6+1120	 0.0726	 0.796240	 1.6934	 0.8221
J2355.7+1138	 0.0729	 0.372131	 1.0647	 0.7042
J2355.8+3423	 0.1480	 1.307553	 2.1719	 0.8710
J2357.0-3445	 0.0475	 1.629622	 2.6658	 0.9640
J2359.3-6042	 0.0989	 1.051539	 1.9699	 0.8572
J2359.4-3418	 0.1150	 0.223131	 0.7568	 0.6198
J2359.5-3211	 0.4780	 1.069996	 1.4784	 0.6776
J2359.9-3928	 0.1024	 1.226090	 2.1579	 0.8826
