# Adami+18 (https://ui.adsabs.harvard.edu/abs/2018A%26A...620A...5A/abstract)
# http://cosmosdb.iasf-milano.inaf.it/XXL/
#
# XXL Database
# File    : .txt.gz
# Date    : 2020-11-03 18:58
# Table   : XXL_365_GC
# Columns : 28
# Rows    : 365
# SQL     : SELECT XXL_365_GC.identifier, XXL_365_GC.xlssc, XXL_365_GC.
#           ra, XXL_365_GC.decl, XXL_365_GC.z, XXL_365_GC.ngal, XXL_365
#           _GC.class, XXL_365_GC.Mgas500kpc, XXL_365_GC.Mgas500kpc_m, 
#           XXL_365_GC.Mgas500kpc_p, XXL_365_GC.r500mt, XXL_365_GC.T300
#           kpc, XXL_365_GC.T300kpc_m, XXL_365_GC.T300kpc_p, XXL_365_GC
#           .LXXL500MT, XXL_365_GC.LXXL500MT_err, XXL_365_GC.f60, XXL_3
#           65_GC.f60_err, XXL_365_GC.flag, XXL_365_GC.tab, XXL_365_GC.
#           T300kpcscal , XXL_365_GC.T300kpcscal_err, XXL_365_GC.r500sc
#           al, XXL_365_GC.r500scal_err, XXL_365_GC.M500scal, XXL_365_G
#           C.M500scal_err, XXL_365_GC.Lbol500scal, XXL_365_GC.Lbol500s
#           cal_err FROM XXL_365_GC
# identifier	xlssc	ra	decl	z	ngal	class	Mgas500kpc	Mgas500kpc_m	Mgas500kpc_p	r500mt	T300kpc	T300kpc_m	T300kpc_p	LXXL500MT	LXXL500MT_err	f60	f60_err	flag	tab	T300kpcscal	T300kpcscal_err	r500scal	r500scal_err	M500scal	M500scal_err	Lbol500scal	Lbol500scal_err
# VARCHAR	INTEGER	DOUBLE	DOUBLE	FLOAT	INTEGER	INTEGER	FLOAT	FLOAT	FLOAT	FLOAT	FLOAT	FLOAT	FLOAT	DOUBLE	DOUBLE	FLOAT	FLOAT	CHAR	CHAR	FLOAT	FLOAT	FLOAT	FLOAT	DOUBLE	DOUBLE	DOUBLE	DOUBLE
# --	--	deg	deg		--	--	1E11 solar mass	1E11 solar mass	1E11 solar mass	kpc	keV	keV	keV	1E42 erg/s	1E42 erg/s	1E-15 erg/cm2/s	1E-15 erg/cm2/s	--	--	keV	keV	kpc	kpc	1E13 solar mass	1E13 solar mass	1E42 erg/s	1E42 erg/s
XLSSC 199	199	30.192	-6.708	0.339	2	1	 72.59	 -5.12	  3.83	644	2.06	-0.20	0.28	 31.92	  2.97	67	5	l	5	3.28	0.27	834.	 81.	 22.90	  6.69	110.00	  7.18
XLSSC 200	200	30.331	-6.830	0.333	2	1	 48.04	 -2.92	  2.51	653	2.10	-0.21	0.30	 16.27	  1.70	31	3	l	5	2.49	0.21	717.	 66.	 14.40	  3.99	 51.00	  4.14
XLSSC 114	114	30.425	-5.031	0.234	6	2	 39.86	 -2.76	  2.84	-1	-1.00	-1.00	-1.00	 -1.00	 -1.00	35	8	l	5	2.23	0.27	711.	 73.	 12.60	  3.88	 35.00	  9.06
XLSSC 179	179	30.482	-6.574	0.608	5	1	 42.83	-11.31	 10.47	-1	-1.00	-1.00	-1.00	 -1.00	 -1.00	14	4	l	5	2.60	0.36	629.	 71.	 13.30	  4.48	 72.00	 15.60
XLSSC 113	113	30.561	-7.009	0.050	9	1	  8.40	 -0.36	  0.42	-1	-1.00	-1.00	-1.00	 -1.00	 -1.00	115	8	l	5	1.27	0.11	566.	 49.	  5.33	  1.38	  7.00	  0.90
XLSSC 174	174	30.592	-5.899	0.235	8	1	 40.93	 -3.61	  2.99	570	1.50	-0.09	0.09	  7.82	  0.54	25	4	l	5	2.06	0.18	678.	 61.	 11.00	  2.97	 28.00	  3.82
XLSSC 094	094	30.648	-6.732	0.886	3	1	106.46	-11.04	 11.09	581	3.01	-0.50	0.58	223.57	 31.58	48	5	+,l	5	5.58	0.91	823.	113.	 41.10	 16.90	680.00	 61.50
XLSSC 196	196	30.728	-7.652	0.136	8	1	 26.23	 -2.19	  1.78	563	1.34	-0.08	0.17	  4.20	  0.50	32	4	l	5	1.58	0.13	615.	 52.	  7.42	  1.90	 13.00	  1.40
XLSSC 178	178	30.753	-6.285	0.194	2	2	 29.50	 -4.05	  2.50	655	0.81	-0.05	0.05	  2.60	  0.17	17	3	l	5	1.46	0.15	570.	 52.	  6.26	  1.71	 11.00	  1.99
XLSSC 156	156	30.766	-7.101	0.336	4	2	 33.37	 -2.92	  2.91	-1	-1.00	-1.00	-1.00	 -1.00	 -1.00	28	4	l	5	2.10	0.22	649.	 63.	 10.70	  3.11	 32.00	  5.99
XLSSC 157	157	30.865	-6.929	0.585	5	1	 69.87	 -6.48	  6.04	721	3.24	-0.74	0.64	 42.22	  6.91	19	3	l	5	3.24	0.39	722.	 79.	 19.60	  6.41	130.00	 16.70
XLSSC 197	197	30.923	-7.785	0.439	2	1	106.90	 -4.88	  4.67	755	3.03	-0.37	0.42	 76.04	  8.13	97	7	l	5	4.34	0.42	924.	101.	 34.70	 11.30	240.00	 22.80
XLSSC 096	096	30.973	-5.027	0.520	6	1	 89.00	 -4.74	  4.59	951	4.98	-0.86	0.50	 62.58	  7.80	36	4	+,*,l	5	3.43	0.37	773.	 82.	 22.30	  7.12	140.00	 15.40
XLSSC 155	155	31.134	-6.748	0.433	2	1	 35.94	 -4.06	  3.97	576	1.85	-0.24	0.29	 16.20	  2.15	23	3	l	5	2.51	0.24	682.	 66.	 13.80	  4.01	 56.00	  5.96
XLSSC 173	173	31.251	-5.931	0.413	3	1	 46.89	 -4.00	  3.73	930	4.29	-0.22	0.26	 16.87	  1.07	24	3	l	5	2.26	0.24	649.	 64.	 11.70	  3.43	 42.00	  6.81
XLSSC 177	177	31.290	-4.918	0.211	7	2	 36.78	 -2.68	  2.31	-1	-1.00	-1.00	-1.00	 -1.00	 -1.00	22	4	l	5	1.65	0.15	607.	 54.	  7.68	  2.07	 16.00	  2.41
XLSSC 102	102	31.322	-4.652	0.969	3	1	138.48	 -6.40	  6.60	638	3.87	-0.76	0.81	166.36	 24.34	42	4	+,l	5	4.42	0.78	688.	 94.	 26.40	 10.90	390.00	 44.90
XLSSC 106	106	31.351	-5.732	0.300	14	1	 82.70	 -2.34	  2.32	777	2.78	-0.17	0.20	 42.67	  2.29	91	4	+,l	5	3.61	0.27	899.	 88.	 27.50	  8.11	130.00	  6.56
XLSSC 107	107	31.354	-7.594	0.436	3	1	 66.76	 -4.27	  3.88	672	2.45	-0.34	0.37	 49.01	  5.04	56	5	+,l	5	3.62	0.34	836.	 87.	 25.60	  7.96	150.00	 13.00
XLSSC 160	160	31.521	-5.194	0.817	4	2	 -1.00	 -1.00	 -1.00	-1	-1.00	-1.00	-1.00	 -1.00	 -1.00	6	4		5	1.93	0.42	471.	 67.	  7.10	  3.05	 39.00	 16.40
XLSSC 100	100	31.549	-6.193	0.915	6	1	133.76	 -4.46	  4.47	808	5.60	-0.43	0.51	139.92	 12.35	36	6	+,l	5	4.25	0.80	694.	 98.	 25.50	 10.80	340.00	 85.80
XLSSC 172	172	31.571	-5.893	0.426	2	2	 26.91	-11.62	  7.48	-1	-1.00	-1.00	-1.00	 -1.00	 -1.00	12	3		5	1.91	0.22	587.	 58.	  8.77	  2.61	 27.00	  5.28
XLSSC 175	175	31.649	-7.568	0.293	2	2	 -1.00	 -1.00	 -1.00	994	1.82	-0.12	0.11	  6.62	  0.41	11	4		5	1.37	0.21	523.	 59.	  5.37	  1.80	 10.00	  3.47
XLSSC 093	093	31.699	-6.948	0.429	6	1	100.75	 -2.81	  2.66	795	3.29	-0.48	0.49	 63.19	  6.59	72	5	+,l	5	3.88	0.36	873.	 91.	 28.90	  9.07	180.00	 12.90
XLSSC 108	108	31.832	-4.827	0.254	4	1	 42.96	 -2.10	  2.09	723	2.34	-0.24	0.31	 20.64	  1.93	62	4	+,l	5	2.72	0.20	786.	 72.	 17.50	  4.79	 61.00	  3.89
XLSSC 095	095	31.962	-5.206	0.138	12	1	  7.09	 -3.57	  2.10	452	0.90	-0.08	0.09	  1.89	  0.25	31	4	+,l	5	1.23	0.12	532.	 48.	  4.82	  1.29	  6.70	  1.07
XLSSC 171	171	31.986	-5.871	0.044	5	1	  1.01	 -0.74	  0.80	-1	-1.00	-1.00	-1.00	 -1.00	 -1.00	19	4	l,F	5	0.71	0.09	409.	 42.	  2.01	  0.61	  1.50	  0.33
XLSSC 092	092	32.071	-7.276	0.432	3	1	 63.77	 -3.96	  3.65	664	2.39	-0.35	0.34	 25.36	  3.46	31	4	+,l	5	2.87	0.28	735.	 73.	 17.40	  5.19	 80.00	  9.55
XLSSC 101	101	32.193	-4.436	0.756	9	1	135.44	 -4.93	  4.91	620	2.95	-0.38	0.47	138.93	 15.71	55	4	+,l	5	4.75	0.67	811.	102.	 33.70	 12.70	400.00	 35.70
XLSSC 159	159	32.268	-5.305	0.614	3	2	 -1.00	 -1.00	 -1.00	1037	2.44	-0.48	0.67	 25.73	  5.46	8	4		5	2.17	0.35	566.	 67.	  9.77	  3.46	 45.00	 13.10
XLSSC 109	109	32.296	-6.346	0.491	2	1	 59.72	 -6.23	  6.03	650	2.44	-0.18	0.14	 69.18	  4.58	51	7	+,l	5	4.12	0.44	871.	 96.	 30.90	 10.20	220.00	 27.40
XLSSC 163	163	32.463	-6.117	0.283	4	1	  5.37	 -2.33	  3.69	-1	-1.00	-1.00	-1.00	 -1.00	 -1.00	11	3		5	1.37	0.15	526.	 50.	  5.40	  1.54	 10.00	  2.03
XLSSC 167	167	32.479	-4.630	0.298	5	1	 34.90	 -3.52	  3.36	618	1.84	-0.23	0.25	  7.85	  1.17	26	4	l	5	2.13	0.19	669.	 62.	 11.30	  3.12	 33.00	  4.46
XLSSC 176	176	32.490	-4.980	0.141	10	1	 20.37	 -1.61	  1.39	580	1.42	-0.15	0.18	  3.39	  0.46	22	4	l	5	1.35	0.13	560.	 49.	  5.63	  1.49	  8.60	  1.32
XLSSC 112	112	32.514	-5.462	0.139	14	1	 19.09	 -1.08	  1.07	483	1.02	-0.05	0.06	  2.92	  0.17	59	7	+,l	5	1.66	0.15	630.	 55.	  8.02	  2.11	 15.00	  2.12
XLSSC 162	162	32.524	-6.093	0.138	2	2	  0.68	 -0.34	  0.66	-1	-1.00	-1.00	-1.00	 -1.00	 -1.00	8	2	F	5	1.05	0.11	486.	 45.	  3.68	  1.02	  4.40	  0.78
XLSSC 116	116	32.664	-5.945	0.534	31	2	 45.79	-10.22	  7.19	1771	6.03	-0.49	0.29	 50.28	  3.69	15	3	l	5	2.54	0.33	648.	 70.	 13.30	  4.32	 63.00	 13.10
XLSSC 115	115	32.681	-6.588	0.043	22	1	 56.06	 -0.68	  0.68	-1	-1.00	-1.00	-1.00	 -1.00	 -1.00	122	14	l	5	1.64	0.14	654.	 57.	  8.18	  2.14	 14.00	  1.92
XLSSC 082	082	32.714	-6.173	0.427	5	1	 45.71	 -5.68	  4.46	836	3.58	-0.50	0.61	 22.44	  2.95	25	4	l	5	2.39	0.25	665.	 65.	 12.80	  3.75	 49.00	  7.17
XLSSC 083	083	32.735	-6.200	0.430	5	1	 76.24	 -4.22	  3.34	1019	5.14	-0.81	1.17	 48.18	  5.41	47	4	+,l	5	3.21	0.30	783.	 79.	 20.90	  6.32	110.00	  9.86
XLSSC 084	084	32.767	-6.211	0.430	6	1	 56.13	 -5.68	  5.92	667	2.40	-0.35	0.43	 17.69	  2.71	33	4	+,l	5	2.63	0.26	701.	 69.	 15.00	  4.41	 63.00	  7.85
XLSSC 201	201	32.767	-4.893	0.138	20	1	 14.45	 -1.67	  1.63	621	1.60	-0.16	0.24	 10.03	  1.14	100	8	l	5	2.13	0.16	725.	 63.	 12.20	  3.19	 29.00	  2.90
XLSSC 158	158	32.793	-4.349	0.442	2	2	 46.92	 -5.77	  5.40	910	1.72	-0.26	0.31	 20.61	  3.42	24	6	l	5	2.35	0.36	653.	 76.	 12.30	  4.29	 47.00	 15.60
XLSSC 086	086	32.809	-6.162	0.424	3	1	 30.63	 -5.70	  5.32	730	2.81	-0.49	0.56	 12.49	  1.83	16	3	l	5	2.08	0.23	616.	 60.	 10.10	  2.97	 34.00	  5.80
XLSSC 085	085	32.870	-6.196	0.428	2	1	 49.39	 -6.86	  5.99	898	4.09	-0.69	0.76	 44.09	  4.58	41	4	+,l	5	3.29	0.31	795.	 80.	 21.90	  6.63	110.00	 10.50
XLSSC 111	111	33.111	-5.627	0.300	12	1	 86.84	 -2.66	  2.58	911	3.70	-0.50	0.52	 61.91	  4.86	140	6	+,l	5	4.10	0.32	967.	 99.	 34.10	 10.40	190.00	  9.21
XLSSC 098	098	33.115	-6.076	0.297	5	1	 43.32	 -5.03	  4.80	806	2.96	-0.59	0.57	 15.16	  2.19	35	5	+,l	5	2.37	0.21	711.	 66.	 13.60	  3.79	 44.00	  5.78
XLSSC 117	117	33.121	-5.528	0.298	7	1	 33.85	 -3.07	  2.82	873	3.42	-0.57	0.47	 12.09	  1.68	25	3	l	5	1.97	0.17	639.	 57.	  9.85	  2.65	 26.00	  3.03
XLSSC 166	166	33.211	-4.600	0.158	10	1	 12.25	 -2.91	  2.52	595	1.54	-0.17	0.14	  3.36	  0.45	24	3	l	5	1.30	0.12	543.	 48.	  5.23	  1.38	  7.90	  1.09
XLSSC 099	099	33.220	-6.202	0.391	1	1	 47.37	 -5.91	  5.30	870	3.72	-0.54	0.87	 23.41	  3.55	32	4	+,l	5	2.50	0.26	695.	 69.	 14.00	  4.19	 54.00	  9.36
XLSSC 097	097	33.342	-6.098	0.697	3	1	 93.88	 -7.37	  6.94	864	5.04	-0.95	1.14	114.51	 18.17	42	5	+,l	5	3.95	0.55	756.	 91.	 25.60	  9.21	230.00	 35.40
XLSSC 165	165	33.356	-4.516	0.180	7	2	 -1.00	 -1.00	 -1.00	730	0.97	-0.15	0.13	  1.18	  0.17	5	2		5	0.87	0.14	428.	 49.	  2.62	  0.89	  2.80	  0.94
XLSSC 198	198	33.496	-5.186	0.356	2	1	 30.21	 -3.73	  3.00	498	1.32	-0.09	0.14	  6.51	  0.78	13	2	l	5	1.83	0.17	596.	 53.	  8.49	  2.29	 23.00	  2.18
XLSSC 110	110	33.537	-5.585	0.445	6	1	 59.76	 -3.51	  3.18	553	1.74	-0.22	0.28	 17.43	  2.31	32	3	+,*,l	5	2.51	0.26	677.	 67.	 13.70	  4.05	 57.00	  7.30
XLSSC 060	060	33.668	-4.553	0.139	26	1	110.94	 -0.57	  0.56	1130	4.70	-0.26	0.26	 63.15	  1.67	230	5	+,l	5	4.03	0.26	1040.	102.	 36.00	 10.60	160.00	  2.35
XLSSC 076	076	33.682	-3.823	0.750	6	1	 81.80	 -4.06	  3.73	-1	-1.00	-1.00	-1.00	 -1.00	 -1.00	20	3	l	5	2.64	0.43	583.	 71.	 12.50	  4.59	 83.00	 20.50
XLSSC 073	073	33.744	-3.506	1.033	4	2	 -1.00	 -1.00	 -1.00	728	1.72	-0.33	0.41	 56.43	 10.25	7	3		5	2.43	0.53	474.	 69.	  9.28	  4.06	 85.00	 27.60
XLSSC 138	138	33.750	-3.905	0.140	9	2	  8.37	 -2.70	  3.49	-1	-1.00	-1.00	-1.00	 -1.00	 -1.00	18	5	l	5	1.47	0.15	588.	 54.	  6.52	  1.79	 11.00	  2.06
XLSSC 188	188	33.812	-4.223	0.570	1	2	 -1.00	 -1.00	 -1.00	-1	-1.00	-1.00	-1.00	 -1.00	 -1.00	5	5		5	0.51	0.64	257.	183.	  0.87	  1.86	  0.93	  3.09
XLSSC 072	072	33.850	-3.726	1.002	5	1	131.07	 -5.99	  4.43	434	2.00	-0.31	0.27	138.93	 18.67	41	4	+,l	5	4.41	0.80	674.	 94.	 25.80	 10.80	400.00	 51.00
XLSSC 180	180	33.863	-5.556	0.289	11	1	 44.89	 -2.27	  2.12	775	2.74	-0.19	0.19	 12.38	  0.79	19	3	l	5	1.88	0.19	626.	 58.	  9.15	  2.56	 23.00	  3.99
XLSSC 135	135	33.868	-4.049	0.371	2	2	 27.87	-21.23	  8.95	801	1.30	-0.20	0.26	 10.31	  1.95	13	3	l	5	2.06	0.22	630.	 61.	 10.20	  2.98	 32.00	  5.78
XLSSC 056	056	33.871	-4.682	0.348	6	1	 72.99	 -2.32	  2.36	788	2.99	-0.39	0.50	 42.99	  3.84	76	4	+,l	5	3.46	0.28	856.	 85.	 25.00	  7.41	120.00	  7.93
XLSSC 161	161	33.915	-5.980	0.306	3	1	 42.89	 -3.08	  2.44	715	2.41	-0.34	0.41	 12.44	  1.75	27	4	l	5	2.12	0.19	664.	 61.	 11.10	  3.06	 32.00	  4.19
XLSSC 078	078	33.948	-4.842	0.953	3	2	 45.89	-12.26	 10.93	949	2.63	-0.45	0.41	 74.85	 12.49	10	2		5	3.02	0.53	561.	 73.	 14.00	  5.49	140.00	 22.10
XLSSC 057	057	34.051	-4.242	0.153	18	1	 46.80	 -1.00	  0.99	707	2.05	-0.18	0.26	 11.37	  0.93	80	5	+,l	5	2.33	0.15	758.	 66.	 14.20	  3.68	 37.00	  1.95
XLSSC 187	187	34.136	-4.509	0.447	2	2	 30.76	 -3.77	  4.45	1295	3.24	-0.59	0.60	 28.80	  4.11	17	3	l	5	2.51	0.26	676.	 67.	 13.70	  4.09	 57.00	  8.21
XLSSC 144	144	34.152	-4.450	0.447	5	2	 46.19	 -6.20	  5.00	910	1.72	-0.23	0.28	 11.01	  1.70	15	4	l	5	1.75	0.24	551.	 59.	  7.42	  2.40	 22.00	  5.96
XLSSC 202	202	34.160	-4.617	0.292	3	2	 -1.00	 -1.00	 -1.00	-1	-1.00	-1.00	-1.00	 -1.00	 -1.00	3	1		5	0.97	0.14	432.	 45.	  3.02	  0.95	  4.10	  1.11
XLSSC 194	194	34.200	-4.555	0.411	2	2	 27.25	 -5.01	  2.94	-1	-1.00	-1.00	-1.00	 -1.00	 -1.00	13	2	l	5	1.85	0.20	581.	 56.	  8.35	  2.41	 25.00	  4.03
XLSSC 065	065	34.245	-4.819	0.435	3	2	 27.70	 -3.89	  3.65	-1	-1.00	-1.00	-1.00	 -1.00	 -1.00	11	3	+	5	2.10	0.23	615.	 60.	 10.20	  2.99	 35.00	  5.74
XLSSC 195	195	34.266	-4.478	0.661	5	2	 -1.00	 -1.00	 -1.00	-1	-1.00	-1.00	-1.00	 -1.00	 -1.00	1	2		5	1.36	0.28	423.	 57.	  4.29	  1.74	 13.00	  5.63
XLSSC 139	139	34.267	-3.536	0.216	5	2	  8.18	 -3.04	  2.72	-1	-1.00	-1.00	-1.00	 -1.00	 -1.00	12	3		5	1.30	0.14	529.	 49.	  5.13	  1.44	  8.40	  1.65
XLSSC 141	141	34.357	-4.659	0.196	3	2	  1.07	 -0.32	  0.59	-1	-1.00	-1.00	-1.00	 -1.00	 -1.00	4	1		5	0.69	0.11	373.	 43.	  1.76	  0.60	  1.50	  0.48
XLSSC 059	059	34.397	-5.223	0.645	7	1	 60.50	 -2.67	  2.85	657	2.92	-0.37	0.49	 21.56	  2.30	12	2		5	2.40	0.30	589.	 62.	 11.40	  3.60	 60.00	  5.89
XLSSC 137	137	34.416	-3.807	0.290	2	2	 41.00	 -2.38	  2.10	945	1.66	-0.15	0.22	 13.22	  1.42	26	3	l	5	2.15	0.18	675.	 60.	 11.50	  3.08	 33.00	  3.02
XLSSC 124	124	34.425	-4.863	0.516	5	1	 19.95	 -3.45	  3.51	594	2.13	-0.38	0.41	  5.56	  0.99	5	1		5	1.63	0.19	510.	 50.	  6.35	  1.87	 19.00	  2.76
XLSSC 203	203	34.428	-4.989	1.077	1	2	 -1.00	 -1.00	 -1.00	-1	-1.00	-1.00	-1.00	 -1.00	 -1.00	2	1		5	1.64	0.34	371.	 51.	  4.67	  1.94	 31.00	  7.29
XLSSC 122	122	34.433	-3.759	1.990	0	1	143.18	-17.09	 15.93	-1	-1.00	-1.00	-1.00	 -1.00	 -1.00	13	3	*,l	5	4.80	1.59	425.	 89.	 17.90	 11.30	1100.00	169.00
XLSSC 079	079	34.494	-4.868	0.194	5	2	 -1.00	 -1.00	 -1.00	-1	-1.00	-1.00	-1.00	 -1.00	 -1.00	4	2	*	5	0.74	0.12	388.	 45.	  1.98	  0.69	  1.80	  0.63
XLSSC 192	192	34.509	-5.029	0.341	2	2	 -1.00	 -1.00	 -1.00	-1	-1.00	-1.00	-1.00	 -1.00	 -1.00	3	2		5	0.82	0.16	381.	 50.	  2.18	  0.85	  2.70	  1.16
XLSSC 077	077	34.527	-3.656	0.202	4	2	 32.53	 -3.99	  3.56	931	1.53	-0.21	0.28	  7.66	  1.11	23	4	l	5	1.58	0.16	595.	 54.	  7.17	  1.96	 14.00	  2.42
XLSSC 080	080	34.597	-5.413	0.646	7	2	 42.62	 -5.30	  4.52	824	1.65	-0.25	0.32	 11.18	  1.73	6	2		5	1.85	0.26	508.	 55.	  7.33	  2.38	 30.00	  5.64
XLSSC 064	064	34.632	-5.017	0.874	3	1	103.72	 -2.40	  2.48	-1	-1.00	-1.00	-1.00	 -1.00	 -1.00	13	2	+,l	5	3.14	0.49	599.	 74.	 15.70	  5.77	150.00	 12.50
XLSSC 067	067	34.681	-5.549	0.382	5	1	 34.11	 -2.89	  2.62	470	1.22	-0.17	0.13	  6.92	  0.94	14	2	+,l	5	1.87	0.19	595.	 56.	  8.68	  2.43	 25.00	  3.48
XLSSC 142	142	34.729	-5.469	0.451	5	2	 16.69	 -4.54	  4.29	1016	2.10	-0.37	0.54	  6.65	  1.12	7	2		5	1.69	0.19	539.	 52.	  6.98	  2.01	 20.00	  2.95
XLSSC 193	193	34.876	-5.058	0.203	3	2	 -1.00	 -1.00	 -1.00	-1	-1.00	-1.00	-1.00	 -1.00	 -1.00	3	2		5	0.73	0.11	384.	 42.	  1.93	  0.64	  1.80	  0.51
XLSSC 189	189	34.908	-4.007	0.204	6	1	 20.11	 -2.23	  2.02	531	1.28	-0.14	0.18	  2.73	  0.38	18	3	l	5	1.54	0.15	585.	 52.	  6.82	  1.83	 13.00	  2.03
XLSSC 058	058	34.935	-4.889	0.332	10	1	 30.04	 -1.60	  1.50	669	2.19	-0.26	0.27	  6.50	  0.70	11	2	+	5	1.66	0.15	571.	 51.	  7.29	  1.94	 17.00	  1.65
XLSSC 183	183	35.065	-4.917	0.511	3	2	 22.79	 -6.45	  4.30	1503	4.42	-0.69	0.89	 13.10	  2.64	9	3		5	1.96	0.29	567.	 63.	  8.71	  2.90	 31.00	  8.66
XLSSC 039	039	35.099	-2.841	0.231	6	1	 15.16	 -2.62	  2.48	592	1.60	-0.22	0.28	  5.61	  0.83	17	2	+,l	5	1.51	0.14	571.	 51.	  6.53	  1.74	 12.00	  1.77
XLSSC 130	130	35.176	-5.430	0.546	5	2	 -1.00	 -1.00	 -1.00	822	1.53	-0.30	0.25	 10.18	  2.01	6	4		5	1.60	0.26	496.	 58.	  6.06	  2.14	 19.00	  6.17
XLSSC 023	023	35.188	-3.433	0.328	4	1	 36.17	 -3.43	  3.16	646	2.05	-0.14	0.13	 17.38	  1.12	34	3	+,l	5	2.47	0.21	716.	 66.	 14.30	  3.97	 50.00	  4.92
XLSSC 184	184	35.311	-4.204	0.811	3	2	 -1.00	 -1.00	 -1.00	-1	-1.00	-1.00	-1.00	 -1.00	 -1.00	3	2		5	1.88	0.39	466.	 65.	  6.85	  2.86	 36.00	 14.30
XLSSC 006	006	35.439	-3.772	0.429	16	1	140.57	 -0.74	  0.76	916	4.24	-0.45	0.61	185.38	 15.03	185	8	+,l	5	6.34	0.62	1151.	137.	 66.30	 23.70	650.00	 29.50
XLSSC 061	061	35.485	-5.758	0.259	10	1	 52.82	 -2.72	  2.46	648	1.93	-0.22	0.29	 13.30	  1.61	37	4	+,l	5	2.19	0.18	694.	 63.	 12.10	  3.27	 34.00	  3.97
XLSSC 040	040	35.523	-4.547	0.320	16	1	 34.18	 -1.53	  1.42	631	1.95	-0.24	0.26	  6.39	  0.84	14	2	+,l	5	1.73	0.17	588.	 53.	  7.84	  2.14	 19.00	  2.65
XLSSC 036	036	35.527	-3.054	0.492	3	1	108.97	 -2.58	  2.72	798	3.53	-0.43	0.53	100.72	  9.64	94	5	+,l	5	4.62	0.47	929.	104.	 37.40	 12.60	300.00	 22.10
XLSSC 047	047	35.544	-2.681	0.789	16	2	 69.08	 -8.77	  7.07	1061	2.87	-0.56	0.77	 46.99	  7.33	12	3	+	5	2.60	0.43	567.	 69.	 12.00	  4.41	 84.00	 18.70
XLSSC 071	071	35.640	-4.967	0.833	5	2	 57.55	 -5.57	  5.54	895	2.18	-0.15	0.13	 58.04	  3.90	12	3	+	5	2.82	0.50	578.	 75.	 13.40	  5.21	110.00	 28.30
XLSSC 048	048	35.722	-3.473	1.005	4	2	 80.80	-10.82	  8.91	947	2.72	-0.16	0.18	 68.46	  4.79	11	3	+	5	3.04	0.59	546.	 76.	 13.70	  5.71	150.00	 34.50
XLSSC 030	030	35.778	-4.216	0.631	16	2	 24.44	 -4.78	  4.63	-1	-1.00	-1.00	-1.00	 -1.00	 -1.00	6	2	+	5	1.75	0.25	496.	 53.	  6.70	  2.16	 25.00	  4.95
XLSSC 075	075	35.834	-5.454	0.211	10	1	 14.59	 -2.37	  1.93	-1	-1.00	-1.00	-1.00	 -1.00	 -1.00	13	2	l	5	1.58	0.13	591.	 51.	  7.12	  1.83	 14.00	  1.35
XLSSC 035	035	35.949	-2.858	0.174	5	1	 26.18	 -2.65	  1.91	534	1.26	-0.08	0.08	  3.79	  0.25	22	3	+,*,l	5	1.48	0.13	582.	 50.	  6.52	  1.70	 11.00	  1.45
XLSSC 028	028	35.984	-3.098	0.297	14	1	 10.35	 -4.04	  4.37	558	1.53	-0.17	0.27	  4.59	  0.65	13	3	+,l	5	1.48	0.17	545.	 52.	  6.08	  1.76	 12.00	  2.63
XLSSC 049	049	35.988	-4.588	0.494	6	1	 51.40	 -2.75	  2.69	602	2.13	-0.14	0.12	 10.17	  0.54	13	2	+,l	5	1.85	0.22	554.	 55.	  7.94	  2.39	 26.00	  4.64
XLSSC 032	032	36.002	-3.424	0.803	4	2	 75.48	 -8.67	  7.68	901	2.16	-0.42	0.49	 46.55	  9.99	14	4	l	5	2.84	0.50	591.	 76.	 13.80	  5.34	110.00	 29.20
XLSSC 186	186	36.003	-5.864	0.515	6	2	 -1.00	 -1.00	 -1.00	671	1.04	-0.06	0.08	  8.52	  0.58	6	3		5	1.50	0.25	487.	 57.	  5.52	  1.93	 15.00	  5.10
XLSSC 018	018	36.008	-5.091	0.324	9	1	 18.65	 -1.78	  1.73	580	1.68	-0.16	0.24	  4.71	  0.64	12	2	+	5	1.53	0.15	548.	 49.	  6.38	  1.72	 14.00	  1.71
XLSSC 029	029	36.017	-4.225	1.050	6	1	125.65	 -2.37	  2.72	545	3.17	-0.48	0.64	191.60	 20.55	32	3	+,l	5	4.64	0.87	675.	 96.	 27.30	 11.70	480.00	 45.20
XLSSC 128	128	36.048	-3.129	0.481	1	2	 -1.00	 -1.00	 -1.00	776	1.32	-0.19	0.21	 12.77	  2.13	9	4	F	5	2.03	0.24	588.	 60.	  9.37	  2.86	 33.00	  6.41
XLSSC 062	062	36.061	-2.721	0.059	4	1	  9.88	 -0.96	  1.03	429	0.77	-0.08	0.12	  1.09	  0.14	50	7	+,l	5	1.09	0.11	516.	 47.	  4.08	  1.11	  4.70	  0.80
XLSSC 044	044	36.141	-4.236	0.263	19	1	 31.62	 -1.07	  0.87	499	1.21	-0.14	0.11	  3.50	  0.47	14	2	+,*,l	5	1.46	0.13	552.	 48.	  6.10	  1.60	 12.00	  1.32
XLSSC 182	182	36.227	-3.478	0.174	1	2	 -1.00	 -1.00	 -1.00	730	0.97	-0.15	0.13	  1.25	  0.20	11	4		5	0.95	0.14	453.	 49.	  3.08	  1.00	  3.50	  1.10
XLSSC 021	021	36.233	-5.134	0.085	11	1	  5.77	 -0.52	  0.63	430	0.79	-0.06	0.06	  0.73	  0.08	22	2	+,l	5	0.91	0.09	460.	 41.	  2.96	  0.79	  2.90	  0.33
XLSSC 001	001	36.238	-3.817	0.614	17	1	125.05	 -3.72	  4.95	763	3.69	-0.25	0.21	 94.98	  5.65	64	4	+,l	5	4.18	0.50	819.	 94.	 29.60	 10.10	250.00	 20.50
XLSSC 140	140	36.303	-5.524	0.294	2	2	 17.51	 -4.23	  2.73	872	1.44	-0.17	0.21	  6.41	  0.99	10	2		5	1.23	0.18	491.	 53.	  4.44	  1.43	  7.50	  2.30
XLSSC 054	054	36.319	-5.887	0.054	29	1	 23.60	 -0.94	  0.73	632	1.54	-0.08	0.09	  3.32	  0.22	78	7	+,l	5	1.24	0.10	557.	 47.	  5.10	  1.29	  6.50	  0.56
XLSSC 008	008	36.336	-3.801	0.299	13	1	 21.92	 -4.19	  3.57	564	1.56	-0.10	0.12	  1.69	  0.11	14	3	+,l	5	1.65	0.17	579.	 53.	  7.34	  2.03	 17.00	  2.78
XLSSC 025	025	36.353	-4.680	0.265	13	1	 49.79	 -1.21	  1.26	700	2.23	-0.18	0.24	 21.77	  1.78	66	3	+,l	5	2.91	0.21	812.	 75.	 19.50	  5.40	 73.00	  3.62
XLSSC 181	181	36.376	-3.817	0.371	2	2	 -1.00	 -1.00	 -1.00	726	1.09	-0.08	0.08	  0.43	  0.03	4	6		5	1.18	0.22	461.	 58.	  3.99	  1.51	  7.20	  3.06
XLSSC 041	041	36.378	-4.239	0.142	16	1	 41.04	 -1.04	  0.98	636	1.68	-0.08	0.22	 11.72	  1.02	125	7	+,*,l	5	2.39	0.16	773.	 67.	 14.80	  3.87	 40.00	  2.22
XLSSC 002	002	36.384	-3.920	0.771	9	1	 75.10	 -6.48	  6.04	560	2.50	-0.19	0.18	 69.11	  4.37	25	3	+,l	5	3.65	0.53	692.	 84.	 21.40	  7.77	200.00	 24.60
XLSSC 185	185	36.387	-5.539	0.566	3	2	 -1.00	 -1.00	 -1.00	-1	-1.00	-1.00	-1.00	 -1.00	 -1.00	7	3		5	1.97	0.32	551.	 65.	  8.52	  3.00	 33.00	 10.30
XLSSC 050	050	36.421	-3.189	0.140	16	1	 77.78	 -1.77	  1.71	891	3.07	-0.25	0.26	 27.24	  1.32	98	4	+,l	5	3.09	0.19	895.	 82.	 23.00	  6.31	 78.00	  2.30
XLSSC 055	055	36.454	-5.896	0.232	14	1	 60.85	 -1.49	  1.43	863	3.15	-0.51	0.32	 26.62	  1.82	78	5	+,l	5	2.85	0.20	817.	 75.	 19.10	  5.28	 67.00	  4.44
XLSSC 123	123	36.487	-5.643	0.194	8	1	 24.30	 -3.07	  2.51	-1	-1.00	-1.00	-1.00	 -1.00	 -1.00	17	4	l	5	1.59	0.16	599.	 54.	  7.26	  1.97	 14.00	  2.40
XLSSC 051	051	36.498	-2.825	0.279	8	1	  9.94	 -2.31	  2.68	523	1.34	-0.09	0.09	  4.57	  0.28	14	2	+,l	5	1.50	0.14	554.	 49.	  6.27	  1.68	 13.00	  1.73
XLSSC 011	011	36.540	-4.969	0.054	41	1	 12.69	 -1.64	  1.19	639	1.57	-0.11	0.29	  1.27	  0.12	32	3	+,l	5	0.80	0.09	435.	 40.	  2.44	  0.67	  2.10	  0.26
XLSSC 052	052	36.567	-2.666	0.056	3	1	  3.99	 -0.74	  0.83	385	0.63	-0.03	0.04	  1.32	  0.10	90	5	+,l	5	1.01	0.09	495.	 43.	  3.59	  0.93	  3.80	  0.36
XLSSC 191	191	36.574	-5.078	0.054	31	1	 15.92	 -0.62	  0.56	481	0.94	-0.06	0.05	  1.12	  0.10	39	4	l	5	1.04	0.10	503.	 44.	  3.78	  0.99	  4.10	  0.47
XLSSC 020	020	36.635	-5.001	0.494	4	2	 -1.00	 -1.00	 -1.00	874	1.65	-0.23	0.30	 19.24	  3.18	10	4	+	5	2.29	0.27	625.	 64.	 11.50	  3.52	 47.00	  8.22
XLSSC 009	009	36.685	-3.684	0.328	9	2	 47.72	 -3.44	  3.14	-1	-1.00	-1.00	-1.00	 -1.00	 -1.00	17	4	+,l	5	1.83	0.20	605.	 59.	  8.62	  2.51	 23.00	  4.60
XLSSC 190	190	36.748	-4.589	0.070	11	1	 12.81	 -1.25	  0.94	512	1.07	-0.07	0.07	  1.07	  0.06	25	3	l	5	1.02	0.10	495.	 43.	  3.63	  0.95	  3.90	  0.44
XLSSC 005	005	36.788	-4.301	1.058	4	1	 68.57	 -6.84	  6.72	429	2.08	-0.29	0.32	 51.79	  7.47	9	2	+	5	2.73	0.53	499.	 68.	 11.20	  4.56	120.00	 19.30
XLSSC 010	010	36.843	-3.362	0.330	6	1	 52.22	 -0.99	  0.95	698	2.36	-0.24	0.35	 24.90	  2.74	46	4	+,l	5	2.84	0.23	773.	 73.	 18.00	  5.11	 72.00	  6.02
XLSSC 127	127	36.850	-3.566	0.315	1	2	 -1.00	 -1.00	 -1.00	671	0.91	-0.15	0.14	  3.24	  0.52	5	3	F	5	1.16	0.19	472.	 54.	  4.03	  1.39	  6.70	  2.40
XLSSC 038	038	36.856	-4.190	0.584	4	2	 -1.00	 -1.00	 -1.00	850	1.67	-0.28	0.30	  3.74	  0.63	2	2	+	5	1.16	0.22	404.	 51.	  3.42	  1.30	  8.10	  3.09
XLSSC 013	013	36.858	-4.538	0.308	21	1	 29.53	 -4.20	  3.47	507	1.30	-0.11	0.22	  6.99	  0.95	16	2	+,l	5	1.96	0.17	635.	 57.	  9.74	  2.60	 26.00	  2.58
XLSSC 103	103	36.886	-5.961	0.233	8	1	 54.60	 -2.71	  2.45	764	2.53	-0.34	0.40	 11.02	  1.28	43	5	+,l	5	2.24	0.18	711.	 64.	 12.70	  3.39	 35.00	  3.69
XLSSC 003	003	36.909	-3.300	0.836	6	1	105.46	 -2.18	  2.34	649	3.48	-0.25	0.24	124.78	  8.03	34	4	+,l	5	4.44	0.69	745.	 96.	 28.80	 11.20	360.00	 43.90
XLSSC 022	022	36.917	-4.858	0.293	18	1	 51.27	 -1.51	  1.46	646	1.98	-0.12	0.13	 29.68	  1.72	74	3	+,l	5	3.14	0.23	835.	 79.	 21.80	  6.19	 91.00	  3.54
XLSSC 027	027	37.012	-4.851	0.295	10	1	 54.49	 -1.67	  1.68	770	2.72	-0.40	0.41	 15.51	  1.41	37	3	+,l	5	2.36	0.19	710.	 64.	 13.40	  3.64	 43.00	  3.35
XLSSC 121	121	37.015	-5.297	0.317	6	2	 24.32	 -5.37	  3.64	1090	2.18	-0.33	0.34	  6.26	  0.96	9	3		5	1.42	0.17	527.	 52.	  5.62	  1.66	 11.00	  2.59
XLSSC 090	090	37.121	-4.857	0.141	11	1	 14.49	 -2.37	  2.17	500	1.09	-0.07	0.12	  4.25	  0.46	45	4	+,l	5	1.70	0.13	639.	 54.	  8.37	  2.12	 16.00	  1.40
XLSSC 089	089	37.127	-4.733	0.609	7	1	 80.22	 -9.61	  8.34	560	2.11	-0.39	0.40	 46.18	  8.35	32	4	+,l	5	3.48	0.43	740.	 83.	 21.70	  7.31	150.00	 22.00
XLSSC 104	104	37.324	-5.895	0.294	6	1	 51.50	 -2.77	  2.62	-1	-1.00	-1.00	-1.00	 -1.00	 -1.00	46	4	+,l	5	2.50	0.20	735.	 67.	 14.90	  4.08	 50.00	  4.33
XLSSC 168	168	37.387	-5.880	0.295	9	1	 82.54	 -1.95	  2.04	677	2.16	-0.31	0.36	 19.16	  1.98	34	4	l	5	2.85	0.22	790.	 74.	 18.50	  5.18	 71.00	  5.16
XLSSC 145	145	37.388	-4.666	0.627	8	2	 51.27	 -6.67	  6.42	-1	-1.00	-1.00	-1.00	 -1.00	 -1.00	15	3	l	5	2.64	0.36	628.	 70.	 13.50	  4.50	 76.00	 14.40
XLSSC 146	146	37.462	-4.150	0.254	7	1	 12.12	 -4.23	  3.56	633	1.84	-0.28	0.26	  3.12	  0.46	10	2		5	1.37	0.14	534.	 49.	  5.48	  1.51	  9.90	  1.69
XLSSC 169	169	37.538	-5.679	0.498	6	1	 75.24	 -3.56	  3.43	933	4.70	-1.05	0.98	 44.25	  7.12	29	5	l	5	2.95	0.33	719.	 75.	 17.50	  5.50	 91.00	 14.10
XLSSC 088	088	37.611	-4.581	0.295	7	1	 57.47	 -2.48	  2.34	632	1.91	-0.24	0.27	 13.21	  1.91	35	4	+,l	5	2.45	0.20	725.	 66.	 14.30	  3.93	 47.00	  4.27
XLSSC 149	149	37.634	-4.989	0.292	9	2	 39.72	 -4.20	  3.68	-1	-1.00	-1.00	-1.00	 -1.00	 -1.00	22	3	*,l	5	2.04	0.18	655.	 60.	 10.50	  2.88	 29.00	  3.92
XLSSC 147	147	37.641	-4.625	0.031	4	2	  0.15	 -0.05	  0.35	-1	-1.00	-1.00	-1.00	 -1.00	 -1.00	22	4	l,F	5	0.53	0.10	350.	 44.	  1.24	  0.47	  0.69	  0.26
XLSSC 150	150	37.661	-4.992	0.292	9	1	 46.53	 -3.59	  3.03	653	2.02	-0.29	0.40	 12.35	  1.80	28	4	*,l	5	2.17	0.19	678.	 62.	 11.70	  3.18	 34.00	  4.09
XLSSC 148	148	37.719	-4.859	0.294	3	2	  4.61	 -3.70	  5.60	784	1.19	-0.08	0.06	  6.02	  0.39	23	6	l	5	1.79	0.23	608.	 63.	  8.44	  2.62	 21.00	  5.64
XLSSC 087	087	37.720	-4.348	0.141	5	1	 33.55	 -2.03	  1.73	622	1.61	-0.11	0.12	 12.69	  1.10	122	6	+,l	5	2.36	0.15	767.	 66.	 14.50	  3.77	 38.00	  1.96
XLSSC 091	091	37.926	-4.881	0.186	41	1	148.27	 -0.87	  0.92	1162	5.15	-0.31	0.31	131.43	  3.89	386	8	+,l	5	5.56	0.40	1217.	133.	 60.40	 19.80	380.00	  6.40
XLSSC 170	170	37.998	-5.737	0.403	3	2	 32.97	 -5.73	  5.28	931	1.74	-0.22	0.30	 15.96	  2.67	19	3	l	5	2.21	0.22	645.	 62.	 11.40	  3.26	 39.00	  5.47
XLSSC 152	152	38.082	-4.817	0.205	7	2	  3.59	 -1.34	  1.98	652	0.81	-0.15	0.16	  1.89	  0.32	10	3		5	1.06	0.16	473.	 51.	  3.62	  1.17	  4.80	  1.49
XLSSC 151	151	38.122	-4.788	0.189	6	1	 13.83	 -2.84	  2.79	658	1.86	-0.30	0.27	  6.62	  0.76	28	3	*,l	5	1.73	0.14	629.	 54.	  8.38	  2.15	 17.00	  1.66
XLSSC 105	105	38.411	-5.506	0.432	7	1	130.07	 -2.85	  2.95	1110	6.01	-0.91	0.79	142.20	 13.55	129	7	+,l	5	4.67	0.45	967.	106.	 39.50	 13.00	290.00	 22.40
XLSSC 153	153	38.490	-5.139	0.880	8	2	 -1.00	 -1.00	 -1.00	-1	-1.00	-1.00	-1.00	 -1.00	 -1.00	11	4		5	2.35	0.56	507.	 79.	  9.55	  4.44	 69.00	 32.50
XLSSC 154	154	38.502	-4.826	0.179	8	1	 14.97	 -5.24	  4.41	511	1.17	-0.08	0.06	  2.43	  0.14	22	4	l	5	1.41	0.15	563.	 53.	  5.96	  1.68	 10.00	  2.08
XLSSC 553	553	348.341	-53.741	0.046	3	1	  2.63	 -1.20	  1.34	421	0.74	-0.06	0.06	  0.32	  0.03	16	3	l	5	0.62	0.11	379.	 48.	  1.60	  0.60	  1.00	  0.42
XLSSC 502	502	348.442	-53.438	0.141	6	1	 27.37	 -1.59	  1.56	521	1.17	-0.08	0.06	  5.98	  0.56	65	4	+,l	5	2.00	0.14	699.	 59.	 11.00	  2.80	 25.00	  1.61
XLSSC 642	642	348.529	-54.802	0.316	1	2	 10.85	 -3.45	  4.59	686	0.95	-0.15	0.20	  0.99	  0.19	11	3		5	1.23	0.22	487.	 59.	  4.44	  1.62	  7.80	  3.17
XLSSC 554	554	348.719	-53.626	0.203	3	2	  3.22	 -1.55	  2.42	-1	-1.00	-1.00	-1.00	 -1.00	 -1.00	12	3	F	5	0.93	0.14	440.	 49.	  2.91	  0.97	  3.40	  1.11
XLSSC 530	530	348.833	-54.345	0.204	6	1	 40.04	 -2.05	  1.84	615	1.67	-0.14	0.26	  9.04	  0.95	45	4	+,l	5	2.28	0.16	730.	 64.	 13.30	  3.49	 37.00	  2.47
XLSSC 501	501	348.873	-53.063	0.333	7	1	 65.16	 -2.51	  2.33	814	3.12	-0.44	0.43	 29.90	  3.74	60	5	+,l	5	3.22	0.27	829.	 81.	 22.30	  6.56	100.00	 10.30
XLSSC 640	640	348.945	-54.962	0.684	3	2	 38.15	-11.95	  9.00	810	1.64	-0.29	0.29	 38.01	  6.37	9	3		5	2.57	0.36	598.	 67.	 12.40	  4.21	 74.00	 13.00
XLSSC 636	636	349.021	-55.594	0.201	1	1	 56.52	 -3.11	  2.58	-1	-1.00	-1.00	-1.00	 -1.00	 -1.00	100	14	l	5	1.78	0.15	635.	 56.	  8.74	  2.31	 19.00	  2.48
XLSSC 593	593	349.067	-54.249	0.335	3	1	 15.33	 -6.21	  5.25	717	2.49	-0.40	0.44	  9.27	  1.30	16	2	l	5	1.88	0.18	611.	 56.	  8.96	  2.47	 24.00	  3.32
XLSSC 615	615	349.091	-54.878	0.567	4	2	 -1.00	 -1.00	 -1.00	-1	-1.00	-1.00	-1.00	 -1.00	 -1.00	7	4		5	2.26	0.34	595.	 69.	 10.70	  3.71	 47.00	 13.50
XLSSC 616	616	349.122	-55.759	0.490	1	2	 54.42	 -8.36	  5.81	1791	5.97	-1.12	1.11	 50.65	  8.88	28	5	l	5	2.52	0.30	661.	 69.	 13.40	  4.23	 59.00	 11.60
XLSSC 594	594	349.155	-56.236	0.232	2	1	 10.22	 -4.28	  4.75	527	1.30	-0.12	0.18	  3.10	  0.44	18	3	l	5	1.31	0.15	527.	 50.	  5.16	  1.47	  8.60	  1.80
XLSSC 513	513	349.221	-54.902	0.378	5	1	109.31	 -2.37	  2.47	998	4.70	-0.75	0.57	 72.35	  6.44	112	7	+,l	5	4.28	0.37	948.	100.	 35.10	 11.10	220.00	 13.60
XLSSC 556	556	349.264	-53.004	0.489	6	1	 63.31	 -4.38	  4.24	789	3.45	-0.68	0.78	 29.06	  4.32	24	3	l	5	2.78	0.30	699.	 71.	 15.90	  4.86	 77.00	 10.00
XLSSC 525	525	349.339	-53.962	0.379	2	1	 96.41	 -3.49	  2.73	788	3.08	-0.35	0.35	 69.68	  4.90	105	4	+	5	4.51	0.39	977.	104.	 38.40	 12.30	260.00	 10.80
XLSSC 555	555	349.341	-52.916	0.360	2	2	 -1.00	 -1.00	 -1.00	-1	-1.00	-1.00	-1.00	 -1.00	 -1.00	7	7		5	0.87	0.34	391.	 90.	  2.41	  1.66	  3.20	  3.19
XLSSC 560	560	349.420	-52.739	0.790	2	2	 -1.00	 -1.00	 -1.00	828	1.84	-0.13	0.12	 27.86	  1.78	7	4	F	5	2.07	0.46	497.	 73.	  8.10	  3.58	 45.00	 20.80
XLSSC 557	557	349.453	-53.264	0.274	2	2	 16.17	 -5.75	  5.65	708	0.98	-0.15	0.17	  5.45	  0.91	18	4	l	5	1.68	0.19	593.	 58.	  7.67	  2.23	 17.00	  3.83
XLSSC 558	558	349.508	-52.785	0.455	4	2	 58.96	 -3.23	  3.15	897	1.68	-0.25	0.35	 21.09	  3.34	20	4	l	5	2.38	0.30	653.	 69.	 12.50	  3.96	 50.00	 11.30
XLSSC 527	527	349.570	-55.984	0.076	5	2	  4.78	 -1.70	  2.73	1295	2.57	-0.38	0.30	  5.20	  0.57	48	7	+,l	5	0.65	0.15	382.	 57.	  1.68	  0.75	  1.20	  0.65
XLSSC 592	592	349.594	-55.833	0.237	2	1	 25.66	 -2.49	  2.45	595	1.62	-0.19	0.30	  5.97	  0.85	28	3	l	5	1.92	0.15	652.	 57.	  9.79	  2.55	 24.00	  2.17
XLSSC 559	559	349.615	-52.831	0.456	2	2	 -1.00	 -1.00	 -1.00	976	1.96	-0.28	0.35	 12.42	  1.98	10	4		5	1.89	0.30	573.	 67.	  8.45	  2.98	 27.00	  9.38
XLSSC 528	528	349.682	-56.204	0.302	7	1	 53.20	 -1.65	  1.80	823	3.09	-0.49	0.50	 20.42	  2.15	43	3	+,l	5	2.54	0.20	737.	 67.	 15.20	  4.16	 52.00	  3.85
XLSSC 529	529	349.699	-56.287	0.547	8	1	 89.84	 -3.21	  3.24	760	3.42	-0.53	0.55	 65.76	  7.91	50	3	+,l	5	3.83	0.42	811.	 88.	 26.50	  8.67	190.00	 15.40
XLSSC 579	579	349.760	-55.389	0.076	4	2	  0.64	 -0.32	  0.76	679	0.81	-0.06	0.08	  0.54	  0.05	9	3		5	0.62	0.11	372.	 45.	  1.56	  0.57	  1.10	  0.38
XLSSC 526	526	349.802	-54.087	0.276	6	2	 93.82	 -1.51	  1.54	-1	-1.00	-1.00	-1.00	 -1.00	 -1.00	153	31	+,l	5	5.16	0.52	1114.	127.	 50.90	 17.50	340.00	 59.20
XLSSC 544	544	349.816	-53.534	0.096	19	1	 31.00	 -1.10	  1.07	746	2.15	-0.16	0.20	  8.55	  0.52	105	4	+,l	5	2.07	0.13	728.	 61.	 11.90	  3.00	 26.00	  0.99
XLSSC 518	518	349.822	-55.325	0.177	8	1	 23.30	 -2.23	  2.13	531	1.25	-0.08	0.06	  6.63	  0.61	63	4	+,l	5	2.06	0.14	700.	 60.	 11.40	  2.92	 27.00	  1.63
XLSSC 617	617	349.871	-56.283	0.303	4	2	 -1.00	 -1.00	 -1.00	-1	-1.00	-1.00	-1.00	 -1.00	 -1.00	8	3		5	1.33	0.18	513.	 53.	  5.11	  1.59	  9.50	  2.66
XLSSC 531	531	349.876	-56.649	0.390	10	1	 52.74	 -4.91	  4.55	832	3.43	-0.49	0.63	 25.57	  3.95	36	4	+,l	5	2.93	0.27	762.	 75.	 18.40	  5.44	 82.00	  9.49
XLSSC 587	587	349.935	-54.640	0.525	1	1	 29.62	 -6.26	  6.85	728	3.10	-0.43	0.43	 27.02	  3.29	18	2	l	5	2.78	0.30	685.	 70.	 15.60	  4.75	 79.00	  7.76
XLSSC 578	578	349.974	-55.287	0.358	1	2	 -1.00	 -1.00	 -1.00	-1	-1.00	-1.00	-1.00	 -1.00	 -1.00	1	4		5	0.86	0.29	390.	 78.	  2.38	  1.42	  3.10	  2.63
XLSSC 591	591	350.099	-53.085	0.275	3	2	 -1.00	 -1.00	 -1.00	509	0.54	-0.09	0.10	  1.38	  0.24	8	3		5	1.17	0.19	484.	 56.	  4.16	  1.45	  6.60	  2.43
XLSSC 534	534	350.105	-53.359	0.852	4	1	104.85	-12.50	 11.94	734	4.42	-0.81	0.74	177.61	 26.70	35	4	+,l	5	4.86	0.77	776.	103.	 33.10	 13.10	460.00	 53.10
XLSSC 575	575	350.433	-56.230	0.818	1	2	 -1.00	 -1.00	 -1.00	-1	-1.00	-1.00	-1.00	 -1.00	 -1.00	7	3		5	2.12	0.42	497.	 67.	  8.34	  3.36	 50.00	 17.20
XLSSC 517	517	350.449	-55.971	0.699	3	1	 87.05	 -7.80	  7.35	648	3.01	-0.51	0.64	 58.78	  9.02	41	5	+,l	5	3.81	0.53	740.	 88.	 24.10	  8.61	210.00	 31.70
XLSSC 523	523	350.503	-54.750	0.342	8	1	 68.74	 -3.69	  3.17	806	3.09	-0.45	0.52	 28.13	  3.28	50	5	+,l	5	3.00	0.25	791.	 76.	 19.60	  5.65	 84.00	  7.31
XLSSC 576	576	350.542	-56.312	0.702	1	2	 66.82	-20.09	 13.32	1735	6.53	-1.45	1.22	 84.99	 15.00	28	5	l,F	5	3.66	0.51	723.	 86.	 22.40	  7.98	190.00	 28.70
XLSSC 584	584	350.542	-55.419	0.348	3	1	 22.90	 -4.49	  4.29	696	2.39	-0.37	0.42	  6.03	  0.91	16	3	l	5	1.82	0.19	597.	 57.	  8.45	  2.40	 23.00	  3.94
XLSSC 503	503	350.646	-52.747	0.336	3	1	 58.94	 -3.66	  3.22	593	1.77	-0.22	0.25	 25.71	  3.02	49	5	+,l	5	3.14	0.26	816.	 79.	 21.30	  6.21	 95.00	  7.93
XLSSC 545	545	350.692	-53.388	0.353	7	2	 52.44	 -5.68	  5.78	955	1.76	-0.29	0.41	 17.51	  3.11	31	5	+,l	5	2.36	0.25	688.	 68.	 13.00	  3.84	 45.00	  8.32
XLSSC 598	598	350.711	-52.826	0.444	4	1	 46.49	 -5.11	  4.68	826	3.58	-0.51	0.60	 21.91	  3.28	23	4	l	5	2.36	0.27	654.	 67.	 12.40	  3.79	 48.00	  9.35
XLSSC 597	597	350.765	-52.725	0.152	4	2	  1.05	 -0.47	  0.98	546	0.57	-0.11	0.05	  0.63	  0.09	10	3	F	5	0.74	0.17	396.	 58.	  2.02	  0.88	  1.80	  0.95
XLSSC 580	580	351.016	-55.023	0.606	2	2	 29.90	-10.52	  8.69	1464	4.50	-1.02	0.90	 41.81	  7.68	11	3		5	2.48	0.34	612.	 67.	 12.20	  4.04	 63.00	 12.50
XLSSC 612	612	351.203	-55.400	0.275	8	2	 -1.00	 -1.00	 -1.00	938	1.62	-0.27	0.29	  1.99	  0.40	6	3		5	1.13	0.15	473.	 49.	  3.90	  1.21	  6.00	  1.63
XLSSC 577	577	351.386	-55.740	0.207	4	1	  3.50	 -1.37	  1.98	440	0.92	-0.12	0.12	  2.55	  0.40	12	3		5	1.19	0.14	505.	 49.	  4.41	  1.28	  6.50	  1.47
XLSSC 514	514	351.396	-54.722	0.169	12	1	 41.12	 -2.11	  1.52	563	1.38	-0.12	0.19	  4.78	  0.65	40	4	+,*,l	5	1.88	0.14	666.	 57.	  9.75	  2.49	 21.00	  1.65
XLSSC 515	515	351.416	-54.741	0.101	18	1	 28.64	 -0.92	  0.88	523	1.14	-0.10	0.08	  3.53	  0.37	58	4	+,*,l	5	1.65	0.12	640.	 53.	  8.08	  2.01	 14.00	  0.92
XLSSC 627	627	351.421	-53.193	0.171	3	2	 -1.00	 -1.00	 -1.00	-1	-1.00	-1.00	-1.00	 -1.00	 -1.00	8	3		5	1.00	0.15	465.	 51.	  3.33	  1.09	  4.00	  1.26
XLSSC 547	547	351.427	-53.277	0.371	6	1	 74.55	 -4.66	  4.09	881	3.72	-0.66	0.85	 40.79	  4.55	53	6	+,l	5	3.31	0.29	824.	 82.	 22.90	  6.85	110.00	 11.20
XLSSC 611	611	351.457	-55.381	0.609	2	2	 24.50	-24.37	 13.41	-1	-1.00	-1.00	-1.00	 -1.00	 -1.00	9	3		5	1.59	0.34	476.	 66.	  5.77	  2.41	 19.00	  9.02
XLSSC 535	535	351.554	-53.317	0.172	16	1	 54.68	 -2.02	  2.13	704	2.07	-0.20	0.19	 21.17	  1.78	116	6	+,l	5	3.04	0.20	873.	 80.	 22.00	  6.06	 76.00	  3.54
XLSSC 536	536	351.557	-53.374	0.169	10	1	 33.20	 -3.90	  3.32	645	1.76	-0.17	0.28	  4.79	  0.50	63	5	+,l	5	2.02	0.15	693.	 59.	 11.00	  2.82	 26.00	  1.95
XLSSC 522	522	351.638	-55.022	0.395	3	1	 50.16	 -3.01	  3.01	672	2.35	-0.24	0.31	 27.29	  2.91	36	2	+,l	5	2.89	0.25	754.	 72.	 17.90	  5.16	 79.00	  4.42
XLSSC 618	618	351.638	-56.518	0.169	6	1	  8.20	 -2.12	  2.07	481	1.04	-0.07	0.06	  2.63	  0.16	25	3	l	5	1.48	0.13	582.	 50.	  6.49	  1.67	 11.00	  1.29
XLSSC 595	595	351.691	-53.812	0.213	3	1	 22.39	 -4.21	  2.25	451	0.96	-0.08	0.08	  3.95	  0.46	25	2	l	5	1.70	0.14	617.	 53.	  8.09	  2.09	 17.00	  1.71
XLSSC 533	533	351.712	-52.694	0.107	3	1	 54.70	 -0.84	  0.89	746	2.17	-0.07	0.19	 21.43	  0.90	181	6	+,l	5	3.01	0.18	896.	 81.	 22.30	  6.07	 71.00	  1.71
XLSSC 586	586	351.848	-55.066	0.209	6	1	 20.46	 -3.38	  2.44	567	1.45	-0.19	0.17	  4.61	  0.58	28	3	l	5	1.61	0.14	599.	 52.	  7.37	  1.92	 15.00	  1.64
XLSSC 504	504	351.930	-52.425	0.351	2	1	 29.20	 -6.83	 14.23	-1	-1.00	-1.00	-1.00	 -1.00	 -1.00	51	7	+,l	5	3.06	0.32	797.	 82.	 20.20	  6.23	 89.00	 16.50
XLSSC 635	635	352.038	-53.418	0.172	2	2	 -1.00	 -1.00	 -1.00	1140	2.16	-0.31	0.32	  1.63	  0.25	8	3		5	0.91	0.16	443.	 53.	  2.87	  1.03	  3.10	  1.23
XLSSC 583	583	352.040	-55.838	0.800	3	1	 70.44	 -8.26	  7.85	797	4.85	-0.85	0.93	 87.67	 12.59	22	3	l	5	3.86	0.57	703.	 87.	 23.20	  8.58	240.00	 26.50
XLSSC 621	621	352.145	-53.821	0.870	1	1	 80.17	 -7.92	  8.10	519	2.41	-0.42	0.45	 84.06	 12.98	19	3	l	5	3.70	0.60	658.	 84.	 20.70	  7.90	230.00	 29.40
XLSSC 521	521	352.179	-55.567	0.807	1	1	156.42	 -8.41	  8.50	701	3.88	-0.63	0.58	183.68	 25.08	67	5	+,l	5	5.16	0.78	824.	108.	 37.60	 14.80	520.00	 54.30
XLSSC 550	550	352.206	-52.577	0.108	7	1	 21.06	 -1.51	  1.36	-1	-1.00	-1.00	-1.00	 -1.00	 -1.00	88	11	l	5	1.45	0.18	593.	 59.	  6.47	  1.93	 10.00	  2.75
XLSSC 622	622	352.241	-53.665	0.276	9	2	 -1.00	 -1.00	 -1.00	898	1.50	-0.17	0.31	 11.36	  1.83	20	9	l	5	2.03	0.19	659.	 60.	 10.50	  2.89	 28.00	  4.04
XLSSC 505	505	352.250	-52.238	0.055	3	1	 18.67	 -1.01	  1.01	649	1.62	-0.10	0.11	  4.21	  0.34	192	10	+,l	5	1.71	0.12	666.	 55.	  8.75	  2.18	 15.00	  0.99
XLSSC 590	590	352.250	-54.246	0.101	10	2	  1.98	 -1.06	  1.29	571	0.60	-0.06	0.07	  0.76	  0.10	11	3		5	0.73	0.13	405.	 48.	  2.05	  0.73	  1.70	  0.62
XLSSC 506	506	352.315	-52.497	0.717	6	1	 87.47	 -6.89	  6.58	534	2.17	-0.39	0.44	 90.10	 17.36	30	6	+,l	5	4.05	0.61	758.	 95.	 26.30	  9.88	250.00	 51.20
XLSSC 581	581	352.416	-54.789	0.138	3	1	  3.65	 -1.10	  1.73	394	0.71	-0.09	0.08	  1.64	  0.19	21	4	l,F	5	0.85	0.15	433.	 54.	  2.60	  0.96	  2.60	  1.06
XLSSC 546	546	352.416	-53.249	0.792	2	1	 85.83	 -5.71	  6.17	602	2.91	-0.50	0.45	105.43	 13.12	37	3	+,l	5	4.53	0.67	773.	 98.	 30.50	 11.60	360.00	 35.50
XLSSC 512	512	352.484	-56.136	0.403	4	1	 61.71	 -2.23	  2.28	791	3.18	-0.48	0.44	 25.74	  2.59	32	2	+,l	5	2.85	0.25	744.	 72.	 17.40	  5.04	 77.00	  5.24
XLSSC 520	520	352.502	-54.619	0.175	9	1	 43.14	 -1.36	  1.49	755	2.35	-0.19	0.23	 20.87	  1.09	127	4	+,l,F	5	2.94	0.19	854.	 78.	 20.70	  5.64	 70.00	  2.43
XLSSC 574	574	352.513	-54.243	0.386	2	2	 43.66	 -4.34	  3.73	-1	-1.00	-1.00	-1.00	 -1.00	 -1.00	15	3	l	5	2.13	0.23	638.	 63.	 10.80	  3.18	 35.00	  6.60
XLSSC 619	619	352.529	-56.611	0.490	3	2	 21.53	-14.80	 10.38	974	2.00	-0.38	0.47	 12.86	  3.06	16	4	l	5	2.08	0.29	594.	 65.	  9.78	  3.20	 36.00	  9.45
XLSSC 626	626	352.606	-53.001	0.527	1	2	 45.30	 -6.63	  5.83	836	1.56	-0.24	0.32	 18.58	  3.77	15	3	l	5	2.43	0.30	634.	 67.	 12.40	  3.92	 56.00	 10.40
XLSSC 582	582	352.610	-54.784	0.406	2	2	 -1.00	 -1.00	 -1.00	-1	-1.00	-1.00	-1.00	 -1.00	 -1.00	6	5	F	5	0.96	0.35	402.	 88.	  2.76	  1.81	  4.30	  4.01
XLSSC 623	623	352.641	-53.543	0.171	9	1	 20.90	 -1.92	  1.67	560	1.37	-0.09	0.21	  3.14	  0.45	13	3	l	5	1.16	0.14	507.	 49.	  4.31	  1.24	  5.90	  1.33
XLSSC 588	588	352.659	-55.727	0.273	2	1	 39.65	 -3.08	  2.78	654	1.99	-0.25	0.28	  5.86	  0.95	21	3	l	5	1.65	0.18	588.	 55.	  7.45	  2.11	 16.00	  3.23
XLSSC 596	596	352.678	-53.057	0.678	1	1	 62.93	 -8.92	  7.95	649	2.95	-0.48	0.57	 82.05	 12.44	24	3	l	5	3.30	0.45	691.	 79.	 19.10	  6.58	140.00	 21.20
XLSSC 620	620	352.871	-56.468	0.173	6	2	  2.73	 -1.06	  2.29	692	0.88	-0.05	0.05	  2.07	  0.13	9	2		5	1.16	0.13	506.	 47.	  4.29	  1.20	  5.90	  1.14
XLSSC 625	625	352.880	-53.185	0.334	4	1	 33.61	 -3.58	  3.32	-1	-1.00	-1.00	-1.00	 -1.00	 -1.00	14	3	l	5	1.69	0.22	575.	 59.	  7.46	  2.31	 18.00	  4.83
XLSSC 532	532	352.948	-52.669	0.392	7	1	 65.38	 -2.57	  2.47	746	2.83	-0.50	0.51	 29.41	  3.74	49	3	+,l	5	3.32	0.29	816.	 81.	 22.70	  6.76	110.00	  8.47
XLSSC 624	624	352.965	-53.113	0.382	5	2	 32.22	 -4.43	  3.62	763	1.20	-0.22	0.24	  5.37	  1.10	11	2		5	1.42	0.21	509.	 56.	  5.43	  1.79	 12.00	  3.74
XLSSC 519	519	353.019	-55.212	0.270	3	1	 36.66	 -4.83	  3.66	526	1.34	-0.12	0.19	 10.51	  1.46	41	5	+,l	5	2.23	0.20	697.	 64.	 12.40	  3.44	 36.00	  5.27
XLSSC 524	524	353.067	-54.702	0.270	8	1	 45.72	 -3.35	  2.94	717	2.34	-0.31	0.32	 12.78	  1.32	34	3	+,l	5	2.21	0.18	693.	 62.	 12.20	  3.27	 35.00	  3.54
XLSSC 610	610	353.104	-56.045	0.275	6	1	 22.86	 -3.88	  3.33	507	1.26	-0.14	0.19	  3.93	  0.56	22	3	l	5	1.75	0.16	605.	 55.	  8.16	  2.21	 19.00	  2.69
XLSSC 589	589	353.109	-55.784	0.066	2	2	  3.61	 -2.63	  3.86	-1	-1.00	-1.00	-1.00	 -1.00	 -1.00	13	4	l	5	0.41	0.18	296.	 76.	  0.77	  0.59	  0.35	  0.38
XLSSC 542	542	353.113	-53.976	0.400	4	1	234.92	 -1.76	  1.84	1228	6.97	-0.55	0.74	494.67	 21.07	468	9	+,l	5	8.65	0.89	1393.	181.	114.00	 44.40	1500.00	 37.50
XLSSC 561	561	353.138	-52.338	0.455	4	2	 67.40	 -5.06	  4.96	993	2.02	-0.32	0.33	 24.84	  4.91	29	5	l	5	2.83	0.31	720.	 75.	 16.70	  5.19	 79.00	 13.40
XLSSC 507	507	353.374	-52.252	0.566	6	1	 90.90	 -6.03	  5.69	564	2.04	-0.29	0.44	 38.80	  5.52	39	5	+,l	5	3.36	0.41	745.	 83.	 21.00	  7.00	140.00	 22.20
XLSSC 608	608	353.384	-54.012	0.212	9	1	 17.49	 -3.62	  3.55	-1	-1.00	-1.00	-1.00	 -1.00	 -1.00	30	5	l	5	1.68	0.19	611.	 59.	  7.86	  2.28	 16.00	  3.69
XLSSC 571	571	353.442	-55.640	0.726	1	2	 75.91	 -8.45	  6.21	1107	2.96	-0.45	0.48	 48.47	  7.63	17	3	l	5	2.85	0.42	618.	 72.	 14.50	  5.08	100.00	 18.40
XLSSC 641	641	353.503	-52.581	0.455	1	2	 -1.00	 -1.00	 -1.00	-1	-1.00	-1.00	-1.00	 -1.00	 -1.00	4	3		5	1.40	0.30	484.	 67.	  5.09	  2.13	 12.00	  6.08
XLSSC 549	549	353.515	-53.141	0.808	3	1	104.04	 -4.63	  4.40	659	3.48	-0.62	0.70	 96.31	 16.17	33	4	+,l	5	4.13	0.63	726.	 91.	 25.80	  9.74	290.00	 34.50
XLSSC 572	572	353.524	-55.785	0.727	1	2	 -1.00	 -1.00	 -1.00	1201	3.43	-0.60	0.62	 21.06	  3.55	7	4		5	2.03	0.33	511.	 61.	  8.17	  2.91	 41.00	 10.30
XLSSC 614	614	353.587	-54.178	0.322	5	2	 46.52	 -4.14	  4.00	1577	4.25	-0.28	0.23	 11.99	  0.77	17	4	l	5	1.82	0.22	604.	 61.	  8.52	  2.59	 22.00	  5.48
XLSSC 573	573	353.623	-54.608	0.384	2	1	 41.34	 -3.17	  2.96	-1	-1.00	-1.00	-1.00	 -1.00	 -1.00	20	3	l	5	2.21	0.22	651.	 62.	 11.40	  3.26	 38.00	  5.36
XLSSC 585	585	353.696	-55.274	0.324	4	1	 34.33	 -5.06	  4.00	483	1.21	-0.16	0.11	  4.91	  0.69	21	3	l	5	1.85	0.19	610.	 57.	  8.79	  2.48	 23.00	  4.00
XLSSC 629	629	353.928	-54.349	0.173	4	1	  1.41	 -0.79	  1.26	-1	-1.00	-1.00	-1.00	 -1.00	 -1.00	12	3	F	5	0.88	0.19	434.	 61.	  2.71	  1.14	  2.90	  1.48
XLSSC 628	628	353.947	-53.876	0.515	2	2	 36.98	-10.52	  8.03	-1	-1.00	-1.00	-1.00	 -1.00	 -1.00	11	3		5	2.13	0.26	593.	 61.	 10.00	  3.10	 39.00	  7.27
XLSSC 537	537	354.029	-53.876	0.515	12	1	 93.42	 -4.74	  4.26	706	2.90	-0.37	0.40	 69.24	  8.69	55	4	+,l	5	4.00	0.42	846.	 92.	 29.10	  9.48	210.00	 16.20
XLSSC 562	562	354.153	-52.738	0.536	4	1	 72.19	 -5.08	  4.92	699	2.91	-0.67	0.74	 26.78	  4.28	28	5	l	5	2.78	0.38	681.	 77.	 15.50	  5.24	 81.00	 19.50
XLSSC 548	548	354.193	-53.793	0.323	4	1	 43.14	 -4.95	  4.67	558	1.57	-0.20	0.30	  6.19	  0.83	31	4	+,l	5	2.02	0.20	640.	 60.	 10.10	  2.87	 29.00	  4.76
XLSSC 632	632	354.207	-53.960	0.322	4	1	 18.73	 -4.50	  4.11	-1	-1.00	-1.00	-1.00	 -1.00	 -1.00	13	3	l	5	1.47	0.22	536.	 59.	  5.94	  1.95	 12.00	  4.00
XLSSC 639	639	354.262	-56.082	0.466	1	2	 47.56	 -3.28	  3.10	790	1.35	-0.06	0.34	 20.46	  3.22	18	3	l	5	2.42	0.26	655.	 65.	 12.70	  3.80	 52.00	  7.48
XLSSC 638	638	354.365	-56.070	0.700	1	2	 -1.00	 -1.00	 -1.00	-1	-1.00	-1.00	-1.00	 -1.00	 -1.00	7	3		5	1.74	0.34	476.	 62.	  6.41	  2.52	 27.00	 10.10
XLSSC 599	599	354.424	-53.136	0.315	3	1	 32.53	 -2.84	  2.62	543	1.48	-0.14	0.20	 10.77	  1.55	24	3	l	5	2.00	0.18	639.	 58.	 10.00	  2.71	 28.00	  3.20
XLSSC 609	609	354.575	-55.660	0.465	2	2	 57.72	 -3.79	  3.53	-1	-1.00	-1.00	-1.00	 -1.00	 -1.00	23	3	l	5	2.54	0.28	673.	 68.	 13.80	  4.20	 59.00	  9.41
XLSSC 538	538	354.646	-54.623	0.332	4	1	 46.85	 -3.21	  2.87	638	2.01	-0.26	0.29	 13.71	  1.60	34	3	+,l	5	2.57	0.21	730.	 68.	 15.20	  4.23	 55.00	  4.79
XLSSC 543	543	354.863	-55.843	0.384	3	1	 60.63	 -2.41	  1.87	663	2.27	-0.31	0.45	 12.78	  1.70	34	4	+,l	5	2.94	0.26	766.	 74.	 18.60	  5.40	 82.00	  6.93
XLSSC 631	631	354.969	-54.082	0.387	3	2	 20.04	 -6.46	  6.44	-1	-1.00	-1.00	-1.00	 -1.00	 -1.00	16	4	l	5	1.97	0.26	610.	 64.	  9.43	  2.97	 29.00	  7.49
XLSSC 604	604	354.976	-56.254	0.381	1	1	 20.39	 -5.76	  5.03	589	1.83	-0.32	0.35	  8.04	  1.31	14	3	l,F	5	1.95	0.21	608.	 58.	  9.27	  2.66	 28.00	  4.62
XLSSC 600	600	355.112	-53.912	0.168	5	1	  9.75	 -5.21	  3.78	-1	-1.00	-1.00	-1.00	 -1.00	 -1.00	12	3		5	1.27	0.15	533.	 51.	  5.00	  1.43	  7.50	  1.67
XLSSC 601	601	355.227	-55.715	0.169	4	2	 12.87	 -2.31	  2.05	751	1.02	-0.10	0.13	  2.27	  0.31	22	4	l	5	1.26	0.15	532.	 52.	  4.98	  1.46	  7.40	  1.83
XLSSC 606	606	355.334	-56.066	0.425	2	2	 21.40	 -8.38	  7.19	1346	3.42	-0.71	0.73	 10.45	  2.06	12	3		5	1.73	0.25	555.	 60.	  7.41	  2.42	 21.00	  6.10
XLSSC 541	541	355.431	-55.965	0.187	11	1	 52.82	 -1.99	  2.16	771	2.47	-0.29	0.22	 14.68	  1.33	68	4	+,l	5	2.61	0.18	795.	 71.	 16.90	  4.52	 52.00	  2.98
XLSSC 551	551	355.444	-56.675	0.475	4	1	 70.39	 -4.73	  4.42	-1	-1.00	-1.00	-1.00	 -1.00	 -1.00	47	6	l	5	3.34	0.38	782.	 84.	 21.90	  7.07	120.00	 21.40
XLSSC 508	508	355.465	-53.145	0.539	2	2	 92.78	 -4.68	  4.79	1132	2.71	-0.40	0.47	 51.31	  6.12	98	5	+,l	5	3.07	0.34	718.	 75.	 18.30	  5.73	100.00	 11.10
XLSSC 605	605	355.533	-56.327	0.414	6	2	 -1.00	 -1.00	 -1.00	1467	3.96	-1.03	0.81	  6.44	  1.35	8	8		5	1.46	0.24	508.	 59.	  5.59	  1.95	 13.00	  4.68
XLSSC 633	633	355.593	-54.242	0.192	9	2	  3.28	 -1.12	  2.63	879	1.37	-0.20	0.25	  3.02	  0.58	16	3	l	5	1.26	0.16	525.	 52.	  4.87	  1.46	  7.40	  1.94
XLSSC 540	540	355.632	-56.353	0.414	9	1	 67.88	 -4.65	  4.37	731	2.79	-0.34	0.43	 50.69	  4.35	65	4	+,l	5	3.88	0.35	880.	 91.	 29.20	  9.09	180.00	 11.30
XLSSC 563	563	355.686	-53.254	0.319	2	2	 13.43	 -8.17	 10.09	1020	1.94	-0.31	0.41	  9.91	  2.06	16	4	l	5	1.86	0.20	613.	 58.	  8.86	  2.53	 23.00	  4.34
XLSSC 634	634	355.691	-54.185	1.075	11	2	153.14	-10.23	 10.97	1234	4.56	-0.75	0.90	623.11	100.83	48	6	l	5	6.24	1.22	787.	120.	 44.50	 20.30	1100.00	120.00
XLSSC 539	539	355.797	-55.881	0.183	10	1	 27.13	 -2.26	  2.16	510	1.17	-0.11	0.09	  6.53	  0.76	38	4	+,*,l	5	1.83	0.15	652.	 57.	  9.29	  2.45	 20.00	  2.57
XLSSC 607	607	356.201	-56.288	0.605	1	2	 70.73	 -3.50	  3.43	1188	3.09	-0.63	0.62	 37.89	  5.46	23	3	l	5	2.73	0.36	648.	 71.	 14.50	  4.78	 81.00	 14.80
XLSSC 568	568	356.363	-54.716	0.133	1	2	  5.20	 -3.58	  3.10	1331	2.79	-0.20	0.19	  3.26	  0.22	16	4	l	5	1.22	0.15	530.	 52.	  4.75	  1.39	  6.60	  1.59
XLSSC 509	509	356.461	-54.044	0.633	12	1	 84.13	 -4.43	  4.29	656	2.87	-0.47	0.46	 73.24	  9.42	37	4	+,l	5	3.86	0.48	775.	 89.	 25.50	  8.77	210.00	 24.10
XLSSC 602	602	356.771	-55.629	0.391	5	2	 -1.00	 -1.00	 -1.00	-1	-1.00	-1.00	-1.00	 -1.00	 -1.00	5	10		5	1.63	0.43	547.	 91.	  6.82	  3.40	 17.00	 11.50
XLSSC 566	566	357.008	-53.656	0.634	1	2	 -1.00	 -1.00	 -1.00	-1	-1.00	-1.00	-1.00	 -1.00	 -1.00	7	6	F	5	1.14	0.51	388.	101.	  3.22	  2.52	  8.10	  9.19
XLSSC 603	603	357.025	-56.021	0.427	3	1	 84.11	 -4.49	  3.80	686	2.52	-0.41	0.54	 37.95	  6.52	15	5	l	5	0.00	0.00	  0.	  0.	  0.00	  0.00	  0.00	  0.00
XLSSC 564	564	357.079	-53.395	0.981	1	2	 79.52	-15.49	 10.86	1085	3.41	-0.73	0.79	 83.70	 15.03	9	3	F	5	3.12	0.59	562.	 76.	 14.60	  5.94	160.00	 32.70
XLSSC 567	567	357.222	-53.823	0.254	5	1	 28.33	 -4.13	  2.79	659	1.98	-0.29	0.27	  4.54	  0.79	14	3	l,F	5	1.50	0.15	562.	 51.	  6.39	  1.75	 13.00	  2.14
XLSSC 565	565	357.339	-53.506	0.168	3	2	 13.14	 -2.38	  1.94	-1	-1.00	-1.00	-1.00	 -1.00	 -1.00	21	3	l,F	5	1.30	0.12	541.	 47.	  5.21	  1.36	  8.00	  1.04
XLSSC 637	637	357.380	-55.496	0.541	2	2	 -1.00	 -1.00	 -1.00	1695	5.60	-1.15	1.38	 22.94	  4.22	10	4		5	1.98	0.30	561.	 64.	  8.74	  2.97	 33.00	  9.43
XLSSC 569	569	357.455	-55.115	0.131	2	2	  1.68	 -0.46	  0.72	584	0.63	-0.07	0.10	  1.03	  0.14	15	3	l	5	0.85	0.12	433.	 46.	  2.58	  0.82	  2.50	  0.71
XLSSC 510	510	357.539	-55.334	0.394	2	1	 41.55	 -3.54	  3.30	653	2.23	-0.26	0.31	 26.06	  2.33	39	3	+,l	5	2.94	0.26	761.	 74.	 18.40	  5.36	 83.00	  6.60
XLSSC 570	570	357.679	-55.345	0.130	3	2	 -1.00	 -1.00	 -1.00	1021	1.73	-0.22	0.28	  2.35	  0.33	10	4		5	1.14	0.11	513.	 46.	  4.29	  1.14	  5.60	  0.83
XLSSC 511	511	357.753	-55.371	0.131	4	1	 23.37	 -1.40	  1.36	580	1.41	-0.19	0.16	  3.10	  0.43	35	3	+,l	5	1.63	0.12	626.	 52.	  7.81	  1.96	 14.00	  1.07
XLSSC 164	164	30.415	-5.050	0.811	5	3	 -1.00	 -1.00	 -1.00	-1	-1.00	-1.00	-1.00	 -1.00	 -1.00	28	9	l	G1	0.00	0.00	  0.	  0.	  0.00	  0.00	  0.00	  0.00
XLSSC 118	118	33.692	-3.941	0.140	1	3	 -1.00	 -1.00	 -1.00	-1	-1.00	-1.00	-1.00	 -1.00	 -1.00	776	15	l	G1	0.00	0.00	  0.	  0.	  0.00	  0.00	  0.00	  0.00
XLSSC 066	066	34.476	-5.450	0.250	8	3	 -1.00	 -1.00	 -1.00	-1	-1.00	-1.00	-1.00	 -1.00	 -1.00	9	2	+	G1	0.00	0.00	  0.	  0.	  0.00	  0.00	  0.00	  0.00
XLSSC 063	063	34.654	-5.674	0.276	3	3	 -1.00	 -1.00	 -1.00	-1	-1.00	-1.00	-1.00	 -1.00	 -1.00	31	5	+,l	G1	0.00	0.00	  0.	  0.	  0.00	  0.00	  0.00	  0.00
XLSSC 136	136	34.800	-3.749	0.766	7	3	 -1.00	 -1.00	 -1.00	-1	-1.00	-1.00	-1.00	 -1.00	 -1.00	28	4	l	G1	0.00	0.00	  0.	  0.	  0.00	  0.00	  0.00	  0.00
XLSSC 119	119	35.366	-4.570	0.158	9	3	 -1.00	 -1.00	 -1.00	-1	-1.00	-1.00	-1.00	 -1.00	 -1.00	5	2		G1	0.00	0.00	  0.	  0.	  0.00	  0.00	  0.00	  0.00
XLSSC 034	034	35.372	-4.099	1.036	2	3	 -1.00	 -1.00	 -1.00	-1	-1.00	-1.00	-1.00	 -1.00	 -1.00	21	9	l	G1	0.00	0.00	  0.	  0.	  0.00	  0.00	  0.00	  0.00
XLSSC 126	126	35.424	-4.454	0.290	2	3	 -1.00	 -1.00	 -1.00	-1	-1.00	-1.00	-1.00	 -1.00	 -1.00	7	2		G1	0.00	0.00	  0.	  0.	  0.00	  0.00	  0.00	  0.00
XLSSC 134	134	35.515	-5.737	0.744	2	3	 -1.00	 -1.00	 -1.00	-1	-1.00	-1.00	-1.00	 -1.00	 -1.00	25	7	l	G1	0.00	0.00	  0.	  0.	  0.00	  0.00	  0.00	  0.00
XLSSC 132	132	35.593	-4.888	0.377	2	3	 -1.00	 -1.00	 -1.00	-1	-1.00	-1.00	-1.00	 -1.00	 -1.00	4	2		G1	0.00	0.00	  0.	  0.	  0.00	  0.00	  0.00	  0.00
XLSSC 120	120	35.718	-4.280	0.229	3	3	 -1.00	 -1.00	 -1.00	-1	-1.00	-1.00	-1.00	 -1.00	 -1.00	6	2		G1	0.00	0.00	  0.	  0.	  0.00	  0.00	  0.00	  0.00
XLSSC 024	024	35.744	-4.121	0.291	10	3	 -1.00	 -1.00	 -1.00	-1	-1.00	-1.00	-1.00	 -1.00	 -1.00	9	2	+	G1	0.00	0.00	  0.	  0.	  0.00	  0.00	  0.00	  0.00
XLSSC 046	046	35.763	-4.606	1.217	10	3	 -1.00	 -1.00	 -1.00	-1	-1.00	-1.00	-1.00	 -1.00	 -1.00	7	2	+	G1	0.00	0.00	  0.	  0.	  0.00	  0.00	  0.00	  0.00
XLSSC 026	026	35.925	-4.514	0.435	5	3	 -1.00	 -1.00	 -1.00	-1	-1.00	-1.00	-1.00	 -1.00	 -1.00	12	2	+	G1	0.00	0.00	  0.	  0.	  0.00	  0.00	  0.00	  0.00
XLSSC 015	015	35.926	-5.034	0.858	6	3	 -1.00	 -1.00	 -1.00	-1	-1.00	-1.00	-1.00	 -1.00	 -1.00	3	6		G1	0.00	0.00	  0.	  0.	  0.00	  0.00	  0.00	  0.00
XLSSC 143	143	35.960	-5.610	0.498	1	3	 -1.00	 -1.00	 -1.00	-1	-1.00	-1.00	-1.00	 -1.00	 -1.00	14	3	l	G1	0.00	0.00	  0.	  0.	  0.00	  0.00	  0.00	  0.00
XLSSC 007	007	36.025	-3.921	0.559	5	3	 -1.00	 -1.00	 -1.00	-1	-1.00	-1.00	-1.00	 -1.00	 -1.00	11	3	+	G1	0.00	0.00	  0.	  0.	  0.00	  0.00	  0.00	  0.00
XLSSC 019	019	36.049	-5.380	0.496	5	3	 -1.00	 -1.00	 -1.00	-1	-1.00	-1.00	-1.00	 -1.00	 -1.00	1	3		G1	0.00	0.00	  0.	  0.	  0.00	  0.00	  0.00	  0.00
XLSSC 133	133	36.069	-5.058	0.152	5	3	 -1.00	 -1.00	 -1.00	-1	-1.00	-1.00	-1.00	 -1.00	 -1.00	7	2		G1	0.00	0.00	  0.	  0.	  0.00	  0.00	  0.00	  0.00
XLSSC 053	053	36.112	-4.832	0.495	5	3	 -1.00	 -1.00	 -1.00	-1	-1.00	-1.00	-1.00	 -1.00	 -1.00	12	3		G1	0.00	0.00	  0.	  0.	  0.00	  0.00	  0.00	  0.00
XLSSC 131	131	36.173	-4.219	0.513	3	3	 -1.00	 -1.00	 -1.00	-1	-1.00	-1.00	-1.00	 -1.00	 -1.00	3	2		G1	0.00	0.00	  0.	  0.	  0.00	  0.00	  0.00	  0.00
XLSSC 037	037	36.288	-4.552	0.767	4	3	 -1.00	 -1.00	 -1.00	-1	-1.00	-1.00	-1.00	 -1.00	 -1.00	2	2	+	G1	0.00	0.00	  0.	  0.	  0.00	  0.00	  0.00	  0.00
XLSSC 043	043	36.293	-4.030	0.172	13	3	 -1.00	 -1.00	 -1.00	-1	-1.00	-1.00	-1.00	 -1.00	 -1.00	10	3	+	G1	0.00	0.00	  0.	  0.	  0.00	  0.00	  0.00	  0.00
XLSSC 042	042	36.345	-4.447	0.463	6	3	 -1.00	 -1.00	 -1.00	-1	-1.00	-1.00	-1.00	 -1.00	 -1.00	6	2	+	G1	0.00	0.00	  0.	  0.	  0.00	  0.00	  0.00	  0.00
XLSSC 045	045	36.369	-4.261	0.556	4	3	 -1.00	 -1.00	 -1.00	-1	-1.00	-1.00	-1.00	 -1.00	 -1.00	17	5	+,l	G1	0.00	0.00	  0.	  0.	  0.00	  0.00	  0.00	  0.00
XLSSC 004	004	36.376	-5.120	0.291	11	3	 -1.00	 -1.00	 -1.00	-1	-1.00	-1.00	-1.00	 -1.00	 -1.00	2	3	+	G1	0.00	0.00	  0.	  0.	  0.00	  0.00	  0.00	  0.00
XLSSC 068	068	36.426	-4.411	0.585	4	3	 -1.00	 -1.00	 -1.00	-1	-1.00	-1.00	-1.00	 -1.00	 -1.00	2	2	+	G1	0.00	0.00	  0.	  0.	  0.00	  0.00	  0.00	  0.00
XLSSC 129	129	36.446	-3.167	0.329	4	3	 -1.00	 -1.00	 -1.00	-1	-1.00	-1.00	-1.00	 -1.00	 -1.00	10	44		G1	0.00	0.00	  0.	  0.	  0.00	  0.00	  0.00	  0.00
XLSSC 069	069	36.542	-4.522	0.824	8	3	 -1.00	 -1.00	 -1.00	-1	-1.00	-1.00	-1.00	 -1.00	 -1.00	4	2	+	G1	0.00	0.00	  0.	  0.	  0.00	  0.00	  0.00	  0.00
XLSSC 017	017	36.614	-5.000	0.383	5	3	 -1.00	 -1.00	 -1.00	-1	-1.00	-1.00	-1.00	 -1.00	 -1.00	10	3	+	G1	0.00	0.00	  0.	  0.	  0.00	  0.00	  0.00	  0.00
XLSSC 014	014	36.641	-4.063	0.344	7	3	 -1.00	 -1.00	 -1.00	-1	-1.00	-1.00	-1.00	 -1.00	 -1.00	9	4	+	G1	0.00	0.00	  0.	  0.	  0.00	  0.00	  0.00	  0.00
XLSSC 033	033	36.717	-4.166	0.345	8	3	 -1.00	 -1.00	 -1.00	-1	-1.00	-1.00	-1.00	 -1.00	 -1.00	8	2		G1	0.00	0.00	  0.	  0.	  0.00	  0.00	  0.00	  0.00
XLSSC 070	070	36.863	-4.903	0.301	9	3	 -1.00	 -1.00	 -1.00	-1	-1.00	-1.00	-1.00	 -1.00	 -1.00	2	2	+	G1	0.00	0.00	  0.	  0.	  0.00	  0.00	  0.00	  0.00
XLSSC 031	031	36.912	-3.436	0.277	2	3	 -1.00	 -1.00	 -1.00	-1	-1.00	-1.00	-1.00	 -1.00	 -1.00	4	3		G1	0.00	0.00	  0.	  0.	  0.00	  0.00	  0.00	  0.00
XLSSC 125	125	36.942	-3.736	0.054	5	3	 -1.00	 -1.00	 -1.00	-1	-1.00	-1.00	-1.00	 -1.00	 -1.00	5	2		G1	0.00	0.00	  0.	  0.	  0.00	  0.00	  0.00	  0.00
XLSSC 074	074	37.034	-5.595	0.192	7	3	 -1.00	 -1.00	 -1.00	-1	-1.00	-1.00	-1.00	 -1.00	 -1.00	22	5	l	G1	0.00	0.00	  0.	  0.	  0.00	  0.00	  0.00	  0.00
XLSSC 012	012	37.116	-4.435	0.435	6	3	 -1.00	 -1.00	 -1.00	-1	-1.00	-1.00	-1.00	 -1.00	 -1.00	22	2	+,l	G1	0.00	0.00	  0.	  0.	  0.00	  0.00	  0.00	  0.00
XLSSC 016	016	37.119	-4.995	0.332	8	3	 -1.00	 -1.00	 -1.00	-1	-1.00	-1.00	-1.00	 -1.00	 -1.00	6	3	+	G1	0.00	0.00	  0.	  0.	  0.00	  0.00	  0.00	  0.00
XLSSC 552	552	350.629	-54.269	0.150	2	3	 -1.00	 -1.00	 -1.00	-1	-1.00	-1.00	-1.00	 -1.00	 -1.00	580	10	l	G1	0.00	0.00	  0.	  0.	  0.00	  0.00	  0.00	  0.00
#3XLSS J021210.6-061235	081	33.044	-6.210	0.426	2	1	 -1.00	 -1.00	 -1.00	-1	-1.00	-1.00	-1.00	 -1.00	 -1.00	28	5	l	G2	0.00	0.00	  0.	  0.	  0.00	  0.00	  0.00	  0.00
#3XLSS J021825.9-045947	000	34.608	-4.997	1.132	1	1	 -1.00	 -1.00	 -1.00	-1	-1.00	-1.00	-1.00	 -1.00	 -1.00	4	1		G2	0.00	0.00	  0.	  0.	  0.00	  0.00	  0.00	  0.00
#3XLSS J232704.6-525831	000	351.769	-52.975	0.583	1	1	 -1.00	 -1.00	 -1.00	-1	-1.00	-1.00	-1.00	 -1.00	 -1.00	26	4	l	G2	0.00	0.00	  0.	  0.	  0.00	  0.00	  0.00	  0.00
#3XLSS J233116.6-550737	000	352.819	-55.127	1.296	1	1	 -1.00	 -1.00	 -1.00	-1	-1.00	-1.00	-1.00	 -1.00	 -1.00	5	2		G2	0.00	0.00	  0.	  0.	  0.00	  0.00	  0.00	  0.00
#3XLSS J020604.1-072432	000	31.517	-7.409	0.563	-1	1	 -1.00	 -1.00	 -1.00	-1	-1.00	-1.00	-1.00	 -1.00	 -1.00	11	3		G2	0.00	0.00	  0.	  0.	  0.00	  0.00	  0.00	  0.00
#3XLSS J020720.0-060936	000	31.833	-6.160	0.460	-1	1	 -1.00	 -1.00	 -1.00	-1	-1.00	-1.00	-1.00	 -1.00	 -1.00	5	3		G2	0.00	0.00	  0.	  0.	  0.00	  0.00	  0.00	  0.00
#3XLSS J021803.5-055524	000	34.514	-5.923	0.450	-1	1	 -1.00	 -1.00	 -1.00	-1	-1.00	-1.00	-1.00	 -1.00	 -1.00	29	5	l	G2	0.00	0.00	  0.	  0.	  0.00	  0.00	  0.00	  0.00
#3XLSS J022043.7-030106	000	35.182	-3.019	0.160	-1	1	 -1.00	 -1.00	 -1.00	-1	-1.00	-1.00	-1.00	 -1.00	 -1.00	18	5	l	G2	0.00	0.00	  0.	  0.	  0.00	  0.00	  0.00	  0.00
#3XLSS J231609.8-541617	000	349.041	-54.272	0.288	-1	1	 -1.00	 -1.00	 -1.00	-1	-1.00	-1.00	-1.00	 -1.00	 -1.00	7	2		G2	0.00	0.00	  0.	  0.	  0.00	  0.00	  0.00	  0.00
#3XLSS J232713.5-560337	000	351.806	-56.061	0.920	-1	1	 -1.00	 -1.00	 -1.00	-1	-1.00	-1.00	-1.00	 -1.00	 -1.00	22	3	l	G2	0.00	0.00	  0.	  0.	  0.00	  0.00	  0.00	  0.00
#3XLSS J232801.9-545545	000	352.008	-54.929	0.960	-1	1	 -1.00	 -1.00	 -1.00	-1	-1.00	-1.00	-1.00	 -1.00	 -1.00	21	3	l	G2	0.00	0.00	  0.	  0.	  0.00	  0.00	  0.00	  0.00
#3XLSS J233407.0-523709	000	353.529	-52.619	0.560	-1	1	 -1.00	 -1.00	 -1.00	-1	-1.00	-1.00	-1.00	 -1.00	 -1.00	14	3	l	G2	0.00	0.00	  0.	  0.	  0.00	  0.00	  0.00	  0.00
#3XLSS J233531.3-543511	516	353.881	-54.586	0.866	-1	1	 -1.00	 -1.00	 -1.00	-1	-1.00	-1.00	-1.00	 -1.00	 -1.00	31	4	l	G2	0.00	0.00	  0.	  0.	  0.00	  0.00	  0.00	  0.00
#3XLSS J233706.8-541910	000	354.279	-54.320	0.524	-1	1	 -1.00	 -1.00	 -1.00	-1	-1.00	-1.00	-1.00	 -1.00	 -1.00	14	3	l	G2	0.00	0.00	  0.	  0.	  0.00	  0.00	  0.00	  0.00
#3XLSS J233948.0-541126	000	354.950	-54.191	0.738	-1	1	 -1.00	 -1.00	 -1.00	-1	-1.00	-1.00	-1.00	 -1.00	 -1.00	10	3		G2	0.00	0.00	  0.	  0.	  0.00	  0.00	  0.00	  0.00
#3XLSS J234137.0-545208	000	355.404	-54.869	0.597	-1	1	 -1.00	 -1.00	 -1.00	-1	-1.00	-1.00	-1.00	 -1.00	 -1.00	13	3	l	G2	0.00	0.00	  0.	  0.	  0.00	  0.00	  0.00	  0.00
#3XLSS J234154.7-550746	000	355.478	-55.129	0.630	-1	1	 -1.00	 -1.00	 -1.00	-1	-1.00	-1.00	-1.00	 -1.00	 -1.00	12	3		G2	0.00	0.00	  0.	  0.	  0.00	  0.00	  0.00	  0.00
#3XLSS J021604.6-032625	000	34.021	-3.440	-1.000	0	1	 -1.00	 -1.00	 -1.00	-1	-1.00	-1.00	-1.00	 -1.00	 -1.00	16	3	l	G2	0.00	0.00	  0.	  0.	  0.00	  0.00	  0.00	  0.00
#3XLSS J022157.6-034002	000	35.490	-3.666	-1.000	0	1	 -1.00	 -1.00	 -1.00	-1	-1.00	-1.00	-1.00	 -1.00	 -1.00	9	1		G2	0.00	0.00	  0.	  0.	  0.00	  0.00	  0.00	  0.00
#3XLSS J022732.0-031456	000	36.883	-3.248	-1.000	0	1	 -1.00	 -1.00	 -1.00	-1	-1.00	-1.00	-1.00	 -1.00	 -1.00	2	1		G2	0.00	0.00	  0.	  0.	  0.00	  0.00	  0.00	  0.00
#3XLSS J231731.6-551424	000	349.382	-55.240	-1.000	0	1	 -1.00	 -1.00	 -1.00	-1	-1.00	-1.00	-1.00	 -1.00	 -1.00	27	4	l	G2	0.00	0.00	  0.	  0.	  0.00	  0.00	  0.00	  0.00
#3XLSS J231639.5-553418	000	349.165	-55.572	-1.000	0	1	 -1.00	 -1.00	 -1.00	-1	-1.00	-1.00	-1.00	 -1.00	 -1.00	20	3	l	G2	0.00	0.00	  0.	  0.	  0.00	  0.00	  0.00	  0.00
#3XLSS J232624.8-524209	000	351.603	-52.703	-1.000	0	1	 -1.00	 -1.00	 -1.00	-1	-1.00	-1.00	-1.00	 -1.00	 -1.00	21	3	l	G2	0.00	0.00	  0.	  0.	  0.00	  0.00	  0.00	  0.00
#3XLSS J234550.2-535247	000	356.459	-53.880	-1.000	0	1	 -1.00	 -1.00	 -1.00	-1	-1.00	-1.00	-1.00	 -1.00	 -1.00	8	3		G2	0.00	0.00	  0.	  0.	  0.00	  0.00	  0.00	  0.00