# Leung+ (2017) - MOSDEF, Table 1, 2, 3 + Fig 12 for L_AGN
# ID, Mdot [msun/yr], skip, etaM [linear], dEdt [erg/s], dEdt/L_AGN [%], dPdt [dyn], dPdt*c/L_AGN [linear]
# vmax [km/s], SFR [msun/yr], M* [log msun], L_OIII [log erg/s], L_AGN [erg/s]
6055  80.04 13.56 30.43 7.06e42 0.11% 2.67e35 1.24 529 3    10.58 43.03 6.5e45
20891 39.04 0.43  0.30  1.12e42 0.01% 7.43e34 0.16 302 129  10.55 43.38 1.4e46
15286 26.13 0.04  0.01  4.52e42 0.31% 1.22e35 2.51 741 2399 10.63 42.39 1.5e45
20979 18.56 0.28  0.22  6.41e41 0.01% 3.87e34 0.12 331 85   10.60 43.20 9.5e45
11223 1.30  0.01  0.01  1.18e41 0.01% 4.40e33 0.06 538 209  11.20 42.55 2.1e45
9367  6.06  0.57  0.98  1.52e42 0.01% 3.41e34 0.07 891 6    10.49 43.39 1.5e46
8482  0.62  0.01  0.01  1.94e40 0.00% 1.23e33 0.04 314 83   11.24 42.22 9.9e44
6976  1.13  0.25  0.64  1.01e41 0.00% 3.80e33 0.02 533 2    10.59 42.92 5.0e45
10421 34.12 2.06  2.97  7.09e42 0.14% 1.75e35 1.00 812 11   10.57 42.94 5.2e45
30014 4.20  0.54  1.08  2.44e41 0.13% 1.14e34 1.75 353 4    10.56 41.51 2.0e44
17754 9.34  0.22  0.21  4.34e41 0.04% 2.26e34 0.57 384 45   11.35 42.30 1.2e45
17664 6.50  0.22  0.25  2.42e41 0.01% 1.41e34 0.16 344 26   10.93 42.64 2.6e45