1.511111111111112182e+00 0.000000000000000000e+00 0.000000000000000000e+00
-3.333333333333331483e-01 0.000000000000000000e+00 -1.000000000000000000e+00
-3.333333333333331483e-01 0.000000000000000000e+00 1.000000000000000000e+00
1.111111111111111327e-01 0.000000000000000000e+00 -1.732050807568877859e+00
1.111111111111111882e-01 0.000000000000000000e+00 1.732050807568877859e+00
-4.587585476806847057e-02 0.000000000000000000e+00 -2.334414218338976443e+00
-4.541241452319316196e-01 0.000000000000000000e+00 -7.419637843027259150e-01
-4.541241452319311200e-01 0.000000000000000000e+00 7.419637843027258040e-01
-4.587585476806853996e-02 0.000000000000000000e+00 2.334414218338976887e+00
1.125741132772072398e-02 0.000000000000000000e+00 -2.856970013872805580e+00
2.220759220056127414e-01 0.000000000000000000e+00 -1.355626179974265710e+00
2.220759220056126304e-01 0.000000000000000000e+00 1.355626179974266377e+00
1.125741132772067540e-02 0.000000000000000000e+00 2.856970013872805580e+00
-3.333333333333331483e-01 -1.000000000000000000e+00 0.000000000000000000e+00
-8.333333333333337034e-02 -1.000000000000000000e+00 -1.732050807568877859e+00
-8.333333333333339810e-02 -1.000000000000000000e+00 1.732050807568877859e+00
2.293792738403423181e-02 -1.000000000000000000e+00 -2.334414218338976443e+00
2.270620726159657543e-01 -1.000000000000000000e+00 -7.419637843027259150e-01
2.270620726159655045e-01 -1.000000000000000000e+00 7.419637843027258040e-01
2.293792738403426651e-02 -1.000000000000000000e+00 2.334414218338976887e+00
-3.333333333333331483e-01 1.000000000000000000e+00 0.000000000000000000e+00
-8.333333333333337034e-02 1.000000000000000000e+00 -1.732050807568877859e+00
-8.333333333333339810e-02 1.000000000000000000e+00 1.732050807568877859e+00
2.293792738403423181e-02 1.000000000000000000e+00 -2.334414218338976443e+00
2.270620726159657543e-01 1.000000000000000000e+00 -7.419637843027259150e-01
2.270620726159655045e-01 1.000000000000000000e+00 7.419637843027258040e-01
2.293792738403426651e-02 1.000000000000000000e+00 2.334414218338976887e+00
1.111111111111111327e-01 -1.732050807568877859e+00 0.000000000000000000e+00
-8.333333333333337034e-02 -1.732050807568877859e+00 -1.000000000000000000e+00
-8.333333333333337034e-02 -1.732050807568877859e+00 1.000000000000000000e+00
2.777777777777780399e-02 -1.732050807568877859e+00 -1.732050807568877859e+00
2.777777777777781787e-02 -1.732050807568877859e+00 1.732050807568877859e+00
1.111111111111111882e-01 1.732050807568877859e+00 0.000000000000000000e+00
-8.333333333333339810e-02 1.732050807568877859e+00 -1.000000000000000000e+00
-8.333333333333339810e-02 1.732050807568877859e+00 1.000000000000000000e+00
2.777777777777781787e-02 1.732050807568877859e+00 -1.732050807568877859e+00
2.777777777777783522e-02 1.732050807568877859e+00 1.732050807568877859e+00
-4.587585476806847057e-02 -2.334414218338976443e+00 0.000000000000000000e+00
2.293792738403423181e-02 -2.334414218338976443e+00 -1.000000000000000000e+00
2.293792738403423181e-02 -2.334414218338976443e+00 1.000000000000000000e+00
-4.541241452319316196e-01 -7.419637843027259150e-01 0.000000000000000000e+00
2.270620726159657543e-01 -7.419637843027259150e-01 -1.000000000000000000e+00
2.270620726159657543e-01 -7.419637843027259150e-01 1.000000000000000000e+00
-4.541241452319311200e-01 7.419637843027258040e-01 0.000000000000000000e+00
2.270620726159655045e-01 7.419637843027258040e-01 -1.000000000000000000e+00
2.270620726159655045e-01 7.419637843027258040e-01 1.000000000000000000e+00
-4.587585476806853996e-02 2.334414218338976887e+00 0.000000000000000000e+00
2.293792738403426651e-02 2.334414218338976887e+00 -1.000000000000000000e+00
2.293792738403426651e-02 2.334414218338976887e+00 1.000000000000000000e+00
1.125741132772072398e-02 -2.856970013872805580e+00 0.000000000000000000e+00
2.220759220056127414e-01 -1.355626179974265710e+00 0.000000000000000000e+00
2.220759220056126304e-01 1.355626179974266377e+00 0.000000000000000000e+00
1.125741132772067540e-02 2.856970013872805580e+00 0.000000000000000000e+00
