2  0  0  0  0  0  0 -0.18894  055.555
2  0  0  0  0  0  1 -0.00341  055.556
2  0  0  1  0  0 -1 -0.00316  056.554
2  0  0  1  0  0  0  0.40694  056.555
2  0  0  1  0  0  1  0.00148  056.556
2  0  0  2  0  0 -1  0.01022  057.554
2  0  0  2  0  0  0 -0.05879  057.555
2  0  0  3  0  0 -2  0.00024  058.553
2  0  0  3  0  0 -1 -0.00246  058.554
2  1  1 -3  0  0  1  0.00967  162.556
2  1  1 -2  0  0  0  0.23140  163.555
2  1  1 -2  0  0  1 -0.03482  163.556
2  1  1 -1  0  0 -1 -0.00581  164.554
2  1  1 -1  0  0  0 -1.38710  164.555
2  1  1 -1  0  0  1 -0.00185  164.556
2  1  1  0  0  0 -1  0.01161  165.554
2  1  1  0  0  0  0 -0.22144  165.555
2  1  1  0  0  0  1  0.00050  165.556
2  1  1  1  0  0 -1 -0.00185  166.554
2  1  1  1  0  0  0 -0.05969  166.555
2  1  1  1  0  0  1  0.00025  166.556
2  1  1  2  0  0 -1 -0.00150  167.554
2  1  1  2  0  0  0 -0.00996  167.555
2  1  1  3  0  0 -1 -0.00042  168.554
2  2  2 -3  0  0  1  0.02333  272.556
2  2  2 -2  0  0  0  0.55741  273.555
2  2  2 -1  0  0 -1 -0.01400  274.554
2  2  2 -1  0  0  1  0.00040  274.556
2  2  2  0  0  0  0  0.04800  275.555
2  2  2  1  0  0 -1  0.00040  276.554
2  2  2  2  0  0  0  0.00103  277.555
