l  tau  s   h   p   n  pp  lme lve lma lju lsa         Hs1            DO
2   0   0   0   0   0   0   0   0   0   0   0  -3.145932052996e-01  055.555
4   0   0   0   0   0   0   0   0   0   0   0  +1.365679306765e-05  055.555
2   0   0   0   0   1   0   0   0   0   0   0  +2.792989410987e-02  055.565
4   0   0   0   0   1   0   0   0   0   0   0  -1.048079636256e-05  055.565
3   0   0   0   1  -1   0   0   0   0   0   0  +1.046842319517e-05  055.645
2   0   0   0   0   2   0   0   0   0   0   0  -2.735592986373e-04  055.575
3   0   0   0   1   0   0   0   0   0   0   0  -2.045366696770e-04  055.655
3   0   0   0   1   1   0   0   0   0   0   0  -3.301577118401e-05  055.665
2   0   0   0   2   1   0   0   0   0   0   0  +3.792332392654e-05  055.765
2   0   0   0   2   2   0   0   0   0   0   0  +1.448756804702e-05  055.775
2   0   0   1  -1   0   0   0   0   0   0   0  +8.522109492029e-06  056.455
2   0   0   1   0   0   0   0   0   0  -1   0  -4.687151175903e-06  056.555
2   0   0   1   0  -1  -1   0   0   0   0   0  -4.175828224266e-05  056.544
2   0   0   1   0   0  -1   0   0   0   0   0  -4.921084827089e-03  056.554
3   0   0   1   0   0   0   0   0   0   0   0  -3.221039375878e-06  056.555
2   0   0   1   0   0   1   0   0   0   0   0  +2.594978451096e-04  056.556
2   0   0   1   0   1  -1   0   0   0   0   0  +3.110563633292e-05  056.564
2   0   0   1   0   1   1   0   0   0   0   0  -1.533976090680e-05  056.566
2   0   0  -2   0   0   0   0   2   0   0   0  +4.687151175903e-06  053.555
2   0   0   2  -2  -1   0   0   0   0   0   0  +2.045302660202e-05  057.345
2   0   0   2  -2   0   0   0   0   0   0   0  -3.119087370832e-04  057.355
2   0   0   2  -2   1   0   0   0   0   0   0  +3.110563633292e-05  057.365
3   0   0   2  -1   0   0   0   0   0   0   0  -3.784734833726e-05  057.455
3   0   0   2  -1   1   0   0   0   0   0   0  -5.636846041925e-06  057.465
2   0   0   2   0   0  -2   0   0   0   0   0  -1.227181957910e-04  057.553
2   0   0   2   0   0   0   0   0   0   0   0  -3.099145743157e-02  057.555
2   0   0   2   0   1   0   0   0   0   0   0  +7.665626182189e-04  057.565
2   0   0   2   0   2   0   0   0   0   0   0  +1.704419365886e-04  057.575
2   0   0   2   0   3   0   0   0   0   0   0  -5.113265695218e-06  057.585
2   0   0   3  -2   0  -1   0   0   0   0   0  -1.065260973090e-05  058.354
2   0   0   3   0   0  -1   0   0   0   0   0  -1.809241149833e-03  058.554
2   0   0   3   0   1  -1   0   0   0   0   0  +3.153175085223e-05  058.564
2   0   0   3   0   2  -1   0   0   0   0   0  +7.669880453400e-06  058.574
2   0   0   4   0   0  -2   0   0   0   0   0  -7.371614761421e-05  059.553
2   0   1  -4   1  -1   0   0   0   0   0   0  +1.193095328884e-05  061.645
2   0   1  -4   1   0   2   0   0   0   0   0  -8.948187832492e-06  061.657
2   0   1  -4   3   0   0   0   0   0   0   0  -5.965458554994e-06  061.855
2   0   1  -3   1  -1   1   0   0   0   0   0  +2.173133398111e-05  062.646
2   0   1  -3   1   0   1   0   0   0   0   0  -2.876207521650e-04  062.656
2   0   1  -3   1   1   1   0   0   0   0   0  +1.789641184384e-05  062.666
2   0   1  -2  -1  -2   0   0   0   0   0   0  +2.386187039883e-05  063.435
2   0   1  -2  -1  -1   0   0   0   0   0   0  +6.519403812218e-05  063.445
3   0   1  -2   0  -1   0   0   0   0   0   0  -1.046842319517e-05  063.545
3   0   1  -2   0   0   0   0   0   0   0   0  +4.267892549050e-05  063.555
2   0   1  -2   1  -1   0   0   0   0   0   0  +4.827767881911e-04  063.645
2   0   1  -2   1   0   0   0   0   0   0   0  -6.728621555024e-03  063.655
2   0   1  -2   1   1   0   0   0   0   0   0  +4.367574692919e-04  063.665
2   0   1  -2   1   2   0   0   0   0   0   0  -4.261036656589e-06  063.675
3   0   1  -2   2   0   0   0   0   0   0   0  -5.636846041925e-06  063.755
2   0   1  -1  -1  -1   1   0   0   0   0   0  +1.960083374224e-05  064.446
2   0   1  -1  -1   0   1   0   0   0   0   0  -2.160351409686e-04  064.456
2   0   1  -1  -1   1   1   0   0   0   0   0  +1.150483876953e-05  064.466
2   0   1  -1   0  -1   0   0   0   0   0   0  -1.406145352771e-05  064.545
2   0   1  -1   0   0   0   0   0   0   0   0  +1.951559998472e-04  064.555
3   0   1  -1   0   0   1   0   0   0   0   0  -4.831577153242e-06  064.556
2   0   1  -1   0   1   0   0   0   0   0   0  -1.363533900839e-05  064.565
2   0   1  -1   1   0  -1   0   0   0   0   0  +4.644543341857e-05  064.654
3   0   1   0  -2   0   0   0   0   0   0   0  +1.530000034841e-05  065.355
2   0   1   0  -1  -2   0   0   0   0   0   0  -2.897513609405e-05  065.435
2   0   1   0  -1  -1   0   0   0   0   0   0  +2.309062157009e-03  065.445
4   0   1   0  -1  -1   0   0   0   0   0   0  -1.270384210495e-06  065.445
2   0   1   0  -1   0   0   0   0   0   0   0  -3.518305073533e-02  065.455
4   0   1   0  -1   0   0   0   0   0   0   0  +3.811188810337e-06  065.455
2   0   1   0  -1   1   0   0   0   0   0   0  +2.283069750192e-03  065.465
4   0   1   0  -1   1   0   0   0   0   0   0  -1.270384210495e-06  065.465
3   0   1   0   0  -1   0   0   0   0   0   0  +1.940682464818e-04  065.545
2   0   1   0  -1   2   0   0   0   0   0   0  -2.215744850042e-05  065.475
2   0   1   0   0   0  -1   0   0   0   0   0  -2.897513609405e-05  065.554
3   0   1   0   0   0   0   0   0   0   0   0  -3.752523065171e-03  065.555
3   0   1   0   0   1   0   0   0   0   0   0  -5.918678937520e-04  065.565
3   0   1   0   0   2   0   0   0   0   0   0  +4.589996486638e-05  065.575
2   0   1   0   1   0   0   0   0   0   0   0  +1.879122339131e-03  065.655
2   0   1   0   1   1   0   0   0   0   0   0  +7.661365036996e-04  065.665
2   0   1   0   1   2   0   0   0   0   0   0  +2.058086457570e-04  065.675
2   0   1   0   1   3   0   0   0   0   0   0  -1.022653139044e-05  065.685
2   0   1   1  -1  -1  -1   0   0   0   0   0  -1.406145352771e-05  066.444
2   0   1   1  -1   0  -1   0   0   0   0   0  +1.815206608388e-04  066.454
2   0   1   1  -1   1  -1   0   0   0   0   0  -7.243765934086e-06  066.464
3   0   1   1   0   0  -1   0   0   0   0   0  +7.247347640438e-06  066.554
2   0   1   1   0   0   0   0   0   0   0   0  -1.150483876953e-05  066.555
2   0   1   1   0   1   0   0   0   0   0   0  -4.687151175903e-06  066.565
2   0   1   1   1   0  -1   0   0   0   0   0  +6.391573074309e-06  066.654
2   0   1   1   1   1  -1   0   0   0   0   0  +3.834958316126e-06  066.664
2   0   1   2  -1   0   0   0   0   0   0   0  +4.891683612654e-04  067.455
2   0   1   2  -1   1   0   0   0   0   0   0  +2.445841625433e-04  067.465
2   0   1   2  -1   2   0   0   0   0   0   0  +4.388878248153e-05  067.475
3   0   1   2   0   1   0   0   0   0   0   0  +5.636846041925e-06  067.565
3   0   1   2   0   2   0   0   0   0   0   0  +3.221039375878e-06  067.575
2   0   1   3  -1   0  -1   0   0   0   0   0  +2.343575587952e-05  068.454
2   0   1   3  -1   1  -1   0   0   0   0   0  +1.107872425021e-05  068.464
2   0   2  -5   2   0   1   0   0   0   0   0  -9.374302351806e-06  070.756
2   0   2  -4   0  -1   0   0   0   0   0   0  +1.065260973090e-05  071.545
2   0   2  -4   0   0   2   0   0   0   0   0  -1.747029732452e-05  071.557
2   0   2  -4   2  -1   0   0   0   0   0   0  +7.669880453400e-06  071.745
2   0   2  -4   2   0   0   0   0   0   0   0  -1.095089351230e-04  071.755
2   0   2  -4   2   1   0   0   0   0   0   0  +7.243765934086e-06  071.765
2   0   2  -3   0  -1   1   0   0   0   0   0  -9.800416871121e-06  072.546
2   0   2  -3   0   0   1   0   0   0   0   0  -3.843465773183e-04  072.556
2   0   2  -3   0   1   1   0   0   0   0   0  +2.428798491814e-05  072.566
2   0   2  -3   1   0   0   0   0   0   0   0  +9.374302351806e-06  072.655
3   0   2  -3   1   0   1   0   0   0   0   0  -5.636846041925e-06  072.656
2   0   2  -2  -2  -1   0   0   0   0   0   0  +5.539380214532e-06  073.345
3   0   2  -2  -1   0   0   0   0   0   0   0  +5.636846041925e-06  073.455
2   0   2  -2   0  -2   0   0   0   0   0   0  -1.235703162930e-05  073.535
2   0   2  -2   0  -1   0   0   0   0   0   0  -4.163044426899e-04  073.545
2   0   2  -2   0   0   0   0   0   0   0   0  -5.835505818877e-03  073.555
2   0   2  -2   0   1   0   0   0   0   0   0  +3.745461604472e-04  073.565
3   0   2  -2   1  -1   0   0   0   0   0   0  +6.442114930607e-06  073.645
2   0   2  -2   0   2   0   0   0   0   0   0  -4.261036656589e-06  073.575
3   0   2  -2   1   0   0   0   0   0   0   0  -1.191788548748e-04  073.655
3   0   2  -2   1   1   0   0   0   0   0   0  -1.852103972429e-05  073.665
2   0   2  -2   2   0   0   0   0   0   0   0  +3.792332392654e-05  073.755
2   0   2  -2   2   1   0   0   0   0   0   0  +1.533976090680e-05  073.765
2   0   2  -2   2   2   0   0   0   0   0   0  +5.539380214532e-06  073.775
2   0   2  -1  -2   0   1   0   0   0   0   0  -3.536670916836e-05  074.356
2   0   2  -1  -1   0   0   0   0   0   0   0  +3.153175085223e-05  074.455
3   0   2  -1  -1   0   1   0   0   0   0   0  -4.831577153242e-06  074.456
2   0   2  -1   0  -1  -1   0   0   0   0   0  +1.235703162930e-05  074.544
2   0   2  -1   0   0  -1   0   0   0   0   0  +6.434184526240e-05  074.554
3   0   2  -1   0   0   0   0   0   0   0   0  +3.221039375878e-06  074.555
2   0   2  -1   0   0   1   0   0   0   0   0  -2.019736874408e-04  074.556
2   0   2  -1   0   1   1   0   0   0   0   0  -4.261047510244e-05  074.566
2   0   2   0  -2  -1   0   0   0   0   0   0  +1.533977537834e-04  075.345
2   0   2   0  -2   0   0   0   0   0   0   0  -2.883451468479e-03  075.355
2   0   2   0  -2   1   0   0   0   0   0   0  +1.870600410534e-04  075.365
3   0   2   0  -1  -1   0   0   0   0   0   0  +3.221050229533e-05  075.445
2   0   2   0  -1   0  -1   0   0   0   0   0  -6.391573074309e-06  075.454
3   0   2   0  -1   0   0   0   0   0   0   0  -6.136100090310e-04  075.455
3   0   2   0  -1   1   0   0   0   0   0   0  -9.663150688600e-05  075.465
3   0   2   0  -1   2   0   0   0   0   0   0  +7.247347640438e-06  075.475
2   0   2   0   0   0   0   0   0   0   0   0  -6.660146521932e-02  075.555
4   0   2   0   0   0   0   0   0   0   0   0  +2.731358613531e-05  075.555
2   0   2   0   0   1   0   0   0   0   0   0  -2.761372433613e-02  075.565
4   0   2   0   0   1   0   0   0   0   0   0  +1.016318222051e-05  075.565
2   0   2   0   0   2   0   0   0   0   0   0  -2.582195341127e-03  075.575
3   0   2   0   1   0   0   0   0   0   0   0  +1.691050194692e-05  075.655
2   0   2   0   0   3   0   0   0   0   0   0  +5.539362125106e-05  075.585
3   0   2   0   1   1   0   0   0   0   0   0  +1.046842319517e-05  075.665
3   0   2   0   1   2   0   0   0   0   0   0  +4.831577153242e-06  075.675
2   0   2   1  -2   0  -1   0   0   0   0   0  +2.812290705542e-05  076.354
3   0   2   1  -1   0  -1   0   0   0   0   0  +4.026308264560e-06  076.454
2   0   2   1  -1   0   0   0   0   0   0   0  -1.022653139044e-05  076.455
2   0   2   1   0   0  -1   0   0   0   0   0  +2.288182871172e-04  076.554
2   0   2   1   0   1  -1   0   0   0   0   0  +6.008077242696e-05  076.564
2   0   2   2  -2   0   0   0   0   0   0   0  +1.998431872020e-04  077.355
2   0   2   2  -2   1   0   0   0   0   0   0  +7.712499141102e-05  077.365
2   0   2   2  -2   2   0   0   0   0   0   0  +9.374302351806e-06  077.375
3   0   2   2  -1   0   0   0   0   0   0   0  +4.026308264560e-06  077.455
3   0   2   2  -1   1   0   0   0   0   0   0  +3.221039375878e-06  077.465
2   0   2   2   0   2   0   0   0   0   0   0  +2.897513609405e-05  077.575
2   0   2   2   0   3   0   0   0   0   0   0  +1.065260973090e-05  077.585
2   0   2   3  -2   0  -1   0   0   0   0   0  +8.095994972715e-06  078.354
2   0   3  -5   1   0   1   0   0   0   0   0  -1.960083374224e-05  080.656
2   0   3  -4   1  -1   0   0   0   0   0   0  -1.747029732452e-05  081.645
2   0   3  -4   1   0   0   0   0   0   0   0  -1.759813168032e-04  081.655
2   0   3  -4   1   1   0   0   0   0   0   0  +1.278314614862e-05  081.665
3   0   3  -4   2   0   0   0   0   0   0   0  -2.415770487195e-06  081.755
2   0   3  -3  -1   0   1   0   0   0   0   0  -6.732457453990e-05  082.456
2   0   3  -3  -1   1   1   0   0   0   0   0  +5.113265695218e-06  082.466
3   0   3  -3   0   0   1   0   0   0   0   0  -6.442114930607e-06  082.556
2   0   3  -3   1   0   1   0   0   0   0   0  -1.146222008182e-04  082.656
2   0   3  -3   1   1   1   0   0   0   0   0  -4.474101152016e-05  082.666
2   0   3  -2  -1  -1   0   0   0   0   0   0  -9.459528873554e-05  083.445
2   0   3  -2  -1   0   0   0   0   0   0   0  -9.233691796203e-04  083.455
2   0   3  -2  -1   1   0   0   0   0   0   0  +5.965469408650e-05  083.465
3   0   3  -2   0   0   0   0   0   0   0   0  -1.030735856378e-04  083.555
3   0   3  -2   0   1   0   0   0   0   0   0  -1.610523305824e-05  083.565
2   0   3  -2   1   0   0   0   0   0   0   0  -2.421979935928e-03  083.655
2   0   3  -2   1   1   0   0   0   0   0   0  -1.003903014828e-03  083.665
2   0   3  -2   1   2   0   0   0   0   0   0  -9.076033041942e-05  083.675
2   0   3  -1  -3   0   1   0   0   0   0   0  -4.261036656589e-06  084.256
2   0   3  -1  -2   0   0   0   0   0   0   0  +3.408843796812e-06  084.355
2   0   3  -1  -1   0  -1   0   0   0   0   0  +1.491368256634e-05  084.454
2   0   3  -1  -1   0   1   0   0   0   0   0  -1.188832374748e-04  084.456
2   0   3  -1  -1   1   1   0   0   0   0   0  -4.133216772335e-05  084.466
2   0   3  -1   0   0   0   0   0   0   0   0  +6.689846002059e-05  084.555
2   0   3  -1   0   1   0   0   0   0   0   0  +2.812290705542e-05  084.565
2   0   3  -1   1   0  -1   0   0   0   0   0  +2.514017777792e-05  084.654
2   0   3  -1   1   1  -1   0   0   0   0   0  +8.522109492029e-06  084.664
2   0   3   0  -3  -1   0   0   0   0   0   0  +8.522109492029e-06  085.245
2   0   3   0  -3   0   0   0   0   0   0   0  -2.313749380542e-04  085.255
2   0   3   0  -3   1   0   0   0   0   0   0  +1.491368256634e-05  085.265
3   0   3   0  -2  -1   0   0   0   0   0   0  +3.221039375878e-06  085.345
3   0   3   0  -2   0   0   0   0   0   0   0  -7.408415889715e-05  085.355
3   0   3   0  -2   1   0   0   0   0   0   0  -1.127369208385e-05  085.365
2   0   3   0  -1   0   0   0   0   0   0   0  -1.275161352947e-02  085.455
4   0   3   0  -1   0   0   0   0   0   0   0  +6.669607552228e-06  085.455
2   0   3   0  -1   1   0   0   0   0   0   0  -5.285830570665e-03  085.465
4   0   3   0  -1   1   0   0   0   0   0   0  +2.540804599842e-06  085.465
2   0   3   0  -1   2   0   0   0   0   0   0  -4.947077053011e-04  085.475
2   0   3   0   0   0  -1   0   0   0   0   0  -1.107872425021e-05  085.554
3   0   3   0   0   0   0   0   0   0   0   0  -3.051944848275e-04  085.555
2   0   3   0  -1   3   0   0   0   0   0   0  +8.095994972715e-06  085.485
3   0   3   0   0   1   0   0   0   0   0   0  -1.900419382173e-04  085.565
3   0   3   0   0   2   0   0   0   0   0   0  -3.704207944857e-05  085.575
2   0   3   0   1   2   0   0   0   0   0   0  +4.857596983629e-05  085.675
2   0   3   0   1   3   0   0   0   0   0   0  +2.002691208270e-05  085.685
2   0   3   1  -1   0  -1   0   0   0   0   0  +1.073784348842e-04  086.454
2   0   3   1  -1   1  -1   0   0   0   0   0  +3.749720940722e-05  086.464
2   0   3   2  -3   0   0   0   0   0   0   0  +4.090605320404e-05  087.255
2   0   3   2  -3   1   0   0   0   0   0   0  +1.576587542611e-05  087.265
2   0   3   2  -1   2   0   0   0   0   0   0  +1.065260973090e-05  087.475
2   0   3   2  -1   3   0   0   0   0   0   0  +4.261036656589e-06  087.485
2   0   4  -6   2   0   0   0   0   0   0   0  -3.834958316126e-06  09T.755
2   0   4  -5   0   0   1   0   0   0   0   0  -1.150483876953e-05  090.556
2   0   4  -5   2   0   1   0   0   0   0   0  -5.539380214532e-06  090.756
2   0   4  -4   0  -1   0   0   0   0   0   0  -1.874860470361e-05  091.545
2   0   4  -4   0   0   0   0   0   0   0   0  -8.990813755964e-05  091.555
2   0   4  -4   0   0   2   0   0   0   0   0  -6.817687593623e-06  091.557
2   0   4  -4   0   1   0   0   0   0   0   0  +8.095994972715e-06  091.565
3   0   4  -4   1   0   0   0   0   0   0   0  -4.026308264560e-06  091.655
2   0   4  -4   2   0   0   0   0   0   0   0  -6.221130884468e-05  091.755
2   0   4  -4   2   1   0   0   0   0   0   0  -2.556629229724e-05  091.765
2   0   4  -3  -2   0   1   0   0   0   0   0  -8.522109492029e-06  092.356
2   0   4  -3   0   0   1   0   0   0   0   0  -1.393363002557e-04  092.556
2   0   4  -3   0   1   1   0   0   0   0   0  -5.581973577037e-05  092.566
2   0   4  -2  -2  -1   0   0   0   0   0   0  -1.406145352771e-05  093.345
2   0   4  -2  -2   0   0   0   0   0   0   0  -1.099350496423e-04  093.355
2   0   4  -2  -2   1   0   0   0   0   0   0  +7.243765934086e-06  093.365
3   0   4  -2  -1   0   0   0   0   0   0   0  -2.254734798885e-05  093.455
3   0   4  -2  -1   1   0   0   0   0   0   0  -3.221039375878e-06  093.465
2   0   4  -2   0   0   0   0   0   0   0   0  -2.036355051231e-03  093.555
2   0   4  -2   0   1   0   0   0   0   0   0  -8.441136879704e-04  093.565
2   0   4  -2   0   2   0   0   0   0   0   0  -7.882941330943e-05  093.575
3   0   4  -2   1   0   0   0   0   0   0   0  -1.530000034841e-05  093.655
3   0   4  -2   1   1   0   0   0   0   0   0  -9.663154306485e-06  093.665
2   0   4  -1  -2   0   1   0   0   0   0   0  -2.812290705542e-05  094.356
2   0   4  -1  -2   1   1   0   0   0   0   0  -9.800416871121e-06  094.366
2   0   4  -1  -1   0   0   0   0   0   0   0  +1.747029732452e-05  094.455
2   0   4  -1  -1   1   0   0   0   0   0   0  +7.669880453400e-06  094.465
2   0   4  -1   0   0  -1   0   0   0   0   0  +2.897513609405e-05  094.554
2   0   4  -1   0   1  -1   0   0   0   0   0  +1.065260973090e-05  094.564
2   0   4   0  -4   0   0   0   0   0   0   0  -1.832249018430e-05  095.155
3   0   4   0  -3   0   0   0   0   0   0   0  -8.052616529120e-06  095.255
2   0   4   0  -2   0   0   0   0   0   0   0  -1.687375183081e-03  095.355
2   0   4   0  -2   1   0   0   0   0   0   0  -6.996641581983e-04  095.365
2   0   4   0  -2   2   0   0   0   0   0   0  -6.732457453990e-05  095.375
3   0   4   0  -1   0   0   0   0   0   0   0  -8.374731320363e-05  095.455
3   0   4   0  -1   1   0   0   0   0   0   0  -5.234204361813e-05  095.465
3   0   4   0  -1   2   0   0   0   0   0   0  -1.046842319517e-05  095.475
4   0   4   0   0   0   0   0   0   0   0   0  +1.587998352545e-06  095.555
2   0   4   0   0   2   0   0   0   0   0   0  +1.022653139044e-05  095.575
2   0   4   0   0   3   0   0   0   0   0   0  +4.261036656589e-06  095.585
2   0   4   1  -2   0  -1   0   0   0   0   0  +2.258356301974e-05  096.354
2   0   4   1  -2   1  -1   0   0   0   0   0  +8.522109492029e-06  096.364
2   0   4   2  -4   0   0   0   0   0   0   0  +6.391573074309e-06  097.155
2   0   5  -5   1   0   1   0   0   0   0   0  -1.107872425021e-05  0X0.656
2   0   5  -5   1   1   1   0   0   0   0   0  -4.261036656589e-06  0X0.666
2   0   5  -4  -1  -1   0   0   0   0   0   0  -4.687151175903e-06  0X1.445
2   0   5  -4  -1   0   0   0   0   0   0   0  -1.704418280521e-05  0X1.455
2   0   5  -4   1   0   0   0   0   0   0   0  -9.502136707600e-05  0X1.655
2   0   5  -4   1   1   0   0   0   0   0   0  -3.920163130563e-05  0X1.665
2   0   5  -3  -1   0   1   0   0   0   0   0  -3.792332392654e-05  0X2.456
2   0   5  -3  -1   1   1   0   0   0   0   0  -1.533976090680e-05  0X2.466
2   0   5  -2  -3   0   0   0   0   0   0   0  -1.150483876953e-05  0X3.255
3   0   5  -2  -2   0   0   0   0   0   0   0  -3.221039375878e-06  0X3.355
2   0   5  -2  -1   0   0   0   0   0   0   0  -4.921510905429e-04  0X3.455
2   0   5  -2  -1   1   0   0   0   0   0   0  -2.036781093393e-04  0X3.465
2   0   5  -2  -1   2   0   0   0   0   0   0  -1.917471922293e-05  0X3.475
3   0   5  -2   0   0   0   0   0   0   0   0  -1.449473145973e-05  0X3.555
3   0   5  -2   0   1   0   0   0   0   0   0  -8.857885417802e-06  0X3.565
2   0   5  -1  -3   0   1   0   0   0   0   0  -4.261036656589e-06  0X4.256
2   0   5  -1  -1   0  -1   0   0   0   0   0  +9.374302351806e-06  0X4.454
2   0   5   0  -3   0   0   0   0   0   0   0  -1.900427703309e-04  0X5.255
2   0   5   0  -3   1   0   0   0   0   0   0  -7.882941330943e-05  0X5.265
2   0   5   0  -3   2   0   0   0   0   0   0  -7.669880453400e-06  0X5.275
3   0   5   0  -2   0   0   0   0   0   0   0  -1.449473145973e-05  0X5.355
3   0   5   0  -2   1   0   0   0   0   0   0  -8.857885417802e-06  0X5.365
2   0   6  -5   0   0   1   0   0   0   0   0  -6.817687593623e-06  0E0.556
2   0   6  -4   0   0   0   0   0   0   0   0  -5.070647007516e-05  0E1.555
2   0   6  -4   0   1   0   0   0   0   0   0  -2.087914112133e-05  0E1.565
2   0   6  -3  -2   0   1   0   0   0   0   0  -6.817687593623e-06  0E2.356
2   0   6  -2  -2   0   0   0   0   0   0   0  -8.138602806761e-05  0E3.355
2   0   6  -2  -2   1   0   0   0   0   0   0  -3.366228726995e-05  0E3.365
3   0   6  -2  -1   0   0   0   0   0   0   0  -4.831577153242e-06  0E3.455
2   0   6   0  -4   0   0   0   0   0   0   0  -1.960083374224e-05  0E5.155
2   0   6   0  -4   1   0   0   0   0   0   0  -8.095994972715e-06  0E5.165
2   0   7  -4  -1   0   0   0   0   0   0   0  -1.363533900839e-05  0T1.455
2   0   7  -4  -1   1   0   0   0   0   0   0  -5.539380214532e-06  0T1.465
2   0   7  -2  -3   0   0   0   0   0   0   0  -1.107872425021e-05  0T3.255
2   0   7  -2  -3   1   0   0   0   0   0   0  -4.687151175903e-06  0T3.265
2   1  -7   4   2   0   0   0   0   0   0   0  -1.043737847931e-05  1E9.755
2   1  -6   0   5   0   0   0   0   0   0   0  -7.654074140521e-06  1T5.X55
2   1  -6   2   3  -1   0   0   0   0   0   0  -8.349913016375e-06  1T7.845
2   1  -6   2   3   0   0   0   0   0   0   0  -4.383708170944e-05  1T7.855
2   1  -6   4   1  -1   0   0   0   0   0   0  -9.741590768082e-06  1T9.645
2   1  -6   4   1   0   0   0   0   0   0   0  -5.288278243704e-05  1T9.655
2   1  -6   5   1   0  -1   0   0   0   0   0  -7.654074140521e-06  1TX.654
2   1  -6   6  -1   0   0   0   0   0   0   0  -1.043737847931e-05  1TE.455
3   1  -5   0   3   0   0   0   0   0   0   0  -8.455260975594e-06  105.855
2   1  -5   0   4  -1   0   0   0   0   0   0  -1.461236056981e-05  105.945
2   1  -5   0   4   0   0   0   0   0   0   0  -7.654089489908e-05  105.955
2   1  -5   1   2   0   1   0   0   0   0   0  +7.654074140521e-06  106.756
3   1  -5   2   1  -1   0   0   0   0   0   0  -7.247366550509e-06  107.645
3   1  -5   2   1   0   0   0   0   0   0   0  -1.872236358882e-05  107.655
2   1  -5   2   2  -1   0   0   0   0   0   0  -6.053690774219e-05  107.745
2   1  -5   2   2   0   0   0   0   0   0   0  -3.207759401661e-04  107.755
2   1  -5   3   2   0  -1   0   0   0   0   0  -2.644141680083e-05  108.754
2   1  -5   4   0  -1   0   0   0   0   0   0  -3.757463415600e-05  109.545
2   1  -5   4   0   0   0   0   0   0   0   0  -1.990063369705e-04  109.555
2   1  -5   5   0   0  -1   0   0   0   0   0  -2.574557792498e-05  10X.554
2   1  -5   6  -2   0   0   0   0   0   0   0  -1.182905623102e-05  10E.355
2   1  -4  -1   3   0   1   0   0   0   0   0  +1.391652169396e-05  114.856
2   1  -4   0   1  -2   0   0   0   0   0   0  +6.262447553437e-06  115.635
3   1  -4   0   2  -1   0   0   0   0   0   0  -2.415788850170e-05  115.745
3   1  -4   0   2   0   0   0   0   0   0   0  -6.039467008962e-05  115.755
2   1  -4   0   3  -1   0   0   0   0   0   0  -1.412527335671e-04  115.845
2   1  -4   0   3   0   0   0   0   0   0   0  -7.473174452064e-04  115.855
2   1  -4   1   1  -1   1   0   0   0   0   0  +6.262447553437e-06  116.646
2   1  -4   1   1   0   1   0   0   0   0   0  +3.687879528015e-05  116.656
2   1  -4   1   2   0   0   0   0   0   0   0  +1.182905623102e-05  116.755
2   1  -4   1   3   0  -1   0   0   0   0   0  -1.600398715690e-05  116.854
2   1  -4   2  -1  -2   0   0   0   0   0   0  +8.349913016375e-06  117.435
3   1  -4   2   0  -1   0   0   0   0   0   0  -2.415788850170e-05  117.545
3   1  -4   2   0   0   0   0   0   0   0   0  -6.099861730216e-05  117.555
2   1  -4   2   1  -2   0   0   0   0   0   0  +9.741590768082e-06  117.635
2   1  -4   2   1  -1   0   0   0   0   0   0  -3.653088095868e-04  117.645
2   1  -4   2   1   0   0   0   0   0   0   0  -1.936484594899e-03  117.655
2   1  -4   2   3   0   0   0   0   0   0   0  +6.958286429291e-06  117.855
2   1  -4   3  -1   0   1   0   0   0   0   0  +7.654074140521e-06  118.456
3   1  -4   3   0   0  -1   0   0   0   0   0  -4.227630487797e-06  118.554
2   1  -4   3   0   0   0   0   0   0   0   0  +9.741590768082e-06  118.555
2   1  -4   3   1  -1  -1   0   0   0   0   0  -2.713720451206e-05  118.644
2   1  -4   3   1   0  -1   0   0   0   0   0  -1.461235033689e-04  118.654
2   1  -4   4  -1  -1   0   0   0   0   0   0  -7.027844734565e-05  119.445
2   1  -4   4  -1   0   0   0   0   0   0   0  -3.743545614790e-04  119.455
2   1  -4   4   1   0   0   0   0   0   0   0  +1.809150378446e-05  119.655
2   1  -4   4   1   1   0   0   0   0   0   0  -8.349913016375e-06  119.665
2   1  -4   5  -1  -1  -1   0   0   0   0   0  -7.654074140521e-06  11X.444
2   1  -4   5  -1   0  -1   0   0   0   0   0  -4.244540395773e-05  11X.454
2   1  -3  -2   2  -2   0   0   0   0   0   0  +8.349913016375e-06  123.735
2   1  -3  -2   4   0   0   0   0   0   0   0  +2.504973904913e-05  123.955
2   1  -3  -1   2  -1   1   0   0   0   0   0  +1.530819944567e-05  124.746
2   1  -3  -1   2   0   1   0   0   0   0   0  +8.976157771719e-05  124.756
2   1  -3   0   0  -3   0   0   0   0   0   0  +7.654074140521e-06  125.525
2   1  -3   0   0  -2   0   0   0   0   0   0  +3.966209961894e-05  125.535
4   1  -3   0   0  -1   0   0   0   0   0   0  +3.765972092442e-06  125.545
4   1  -3   0   0   0   0   0   0   0   0   0  +6.455952158472e-06  125.555
3   1  -3   0   1  -2   0   0   0   0   0   0  -1.087104982576e-05  125.635
3   1  -3   0   1  -1   0   0   0   0   0   0  -1.383038093430e-04  125.645
3   1  -3   0   1   0   0   0   0   0   0   0  -3.502891786161e-04  125.655
2   1  -3   0   2  -2   0   0   0   0   0   0  +3.131218660256e-05  125.735
2   1  -3   0   2  -1   0   0   0   0   0   0  -1.253183149484e-03  125.745
2   1  -3   0   2   0   0   0   0   0   0   0  -6.641661986653e-03  125.755
3   1  -3   0   3   0   0   0   0   0   0   0  -8.455260975594e-06  125.855
2   1  -3   0   4   0   0   0   0   0   0   0  +1.043737847931e-05  125.955
2   1  -3   1   0  -1   1   0   0   0   0   0  +1.948313037154e-05  126.546
2   1  -3   1   0   0   1   0   0   0   0   0  +1.127238513034e-04  126.556
2   1  -3   1   1  -1   0   0   0   0   0   0  +1.322068281810e-05  126.645
3   1  -3   1   1   0  -1   0   0   0   0   0  -4.227630487797e-06  126.654
2   1  -3   1   1   0   0   0   0   0   0   0  +7.097428622150e-05  126.655
2   1  -3   1   2  -1  -1   0   0   0   0   0  -1.739566490860e-05  126.744
2   1  -3   1   2   0  -1   0   0   0   0   0  -1.015906339482e-04  126.754
2   1  -3   2  -2  -2   0   0   0   0   0   0  +9.045751892229e-06  127.335
3   1  -3   2  -1  -1   0   0   0   0   0   0  -2.596973013933e-05  127.445
3   1  -3   2  -1   0   0   0   0   0   0   0  -6.522624778996e-05  127.455
2   1  -3   2   0  -2   0   0   0   0   0   0  +4.522870829652e-05  127.535
2   1  -3   2   0  -1   0   0   0   0   0   0  -1.512030555321e-03  127.545
2   1  -3   2   0   0   0   0   0   0   0   0  -8.015918900457e-03  127.555
3   1  -3   2   1   0   0   0   0   0   0   0  -2.415788850170e-05  127.655
2   1  -3   2   2   0   0   0   0   0   0   0  +6.679930413100e-05  127.755
2   1  -3   2   2   1   0   0   0   0   0   0  -2.574557792498e-05  127.765
2   1  -3   3  -1   0   0   0   0   0   0   0  +2.017896924740e-05  128.455
2   1  -3   3   0  -1  -1   0   0   0   0   0  -1.001990073611e-04  128.544
2   1  -3   3   0   0  -1   0   0   0   0   0  -5.399611952195e-04  128.554
2   1  -3   4  -2  -1   0   0   0   0   0   0  -4.592454717237e-05  129.345
2   1  -3   4  -2   0   0   0   0   0   0   0  -2.449308329783e-04  129.355
3   1  -3   4  -1   0   0   0   0   0   0   0  -4.831577700340e-06  129.455
2   1  -3   4   0   0  -2   0   0   0   0   0  -2.574557792498e-05  129.553
2   1  -3   4   0   0   0   0   0   0   0   0  +5.218699472581e-05  129.555
2   1  -3   4   0   1   0   0   0   0   0   0  -3.409549094135e-05  129.565
2   1  -3   5  -2   0  -1   0   0   0   0   0  -2.226643471033e-05  12X.354
2   1  -3   5   0   0  -1   0   0   0   0   0  +7.654074140521e-06  12X.554
2   1  -2  -2   1  -3   0   0   0   0   0   0  +7.654074140521e-06  133.625
2   1  -2  -2   1  -2   0   0   0   0   0   0  +4.244540395773e-05  133.635
3   1  -2  -2   2   0   0   0   0   0   0   0  +7.851313763052e-06  133.755
2   1  -2  -2   3  -1   0   0   0   0   0   0  +2.783304338792e-05  133.845
2   1  -2  -2   3   0   0   0   0   0   0   0  +1.614317028145e-04  133.855
3   1  -2  -1   0   0   1   0   0   0   0   0  +6.643419337967e-06  134.556
2   1  -2  -1   1  -1   1   0   0   0   0   0  +6.749514300685e-05  134.646
2   1  -2  -1   1   0   1   0   0   0   0   0  +4.223665741143e-04  134.656
2   1  -2  -1   2   0   0   0   0   0   0   0  -1.182905623102e-05  134.755
2   1  -2   0  -1  -3   0   0   0   0   0   0  +3.618295640429e-05  135.425
2   1  -2   0  -1  -2   0   0   0   0   0   0  +1.920480505412e-04  135.435
3   1  -2   0   0  -2   0   0   0   0   0   0  -3.925656881526e-05  135.535
3   1  -2   0   0  -1   0   0   0   0   0   0  -5.048995626978e-04  135.545
3   1  -2   0   0   0   0   0   0   0   0   0  -1.275535745420e-03  135.555
2   1  -2   0   0   0   1   0   0   0   0   0  -3.618295640429e-05  135.556
2   1  -2   0   1  -2   0   0   0   0   0   0  +2.859846103489e-04  135.635
2   1  -2   0   1  -1   0   0   0   0   0   0  -9.468108386912e-03  135.645
2   1  -2   0   1   0   0   0   0   0   0   0  -5.019412553933e-02  135.655
4   1  -2   0   1   0   0   0   0   0   0   0  +1.291195548157e-05  135.655
3   1  -2   0   2  -1   0   0   0   0   0   0  +1.147499703831e-05  135.745
3   1  -2   0   2   0   0   0   0   0   0   0  -7.851308646590e-05  135.755
3   1  -2   0   2   1   0   0   0   0   0   0  +9.663155400679e-06  135.765
2   1  -2   0   3   0   0   0   0   0   0   0  +1.356861248896e-04  135.855
2   1  -2   0   3   1   0   0   0   0   0   0  +1.530819944567e-05  135.865
2   1  -2   1  -1  -1   1   0   0   0   0   0  +1.530819944567e-05  136.446
2   1  -2   1  -1   0   1   0   0   0   0   0  +9.254488205598e-05  136.456
2   1  -2   1   0  -1   0   0   0   0   0   0  +5.009947809825e-05  136.545
3   1  -2   1   0   0  -1   0   0   0   0   0  -7.247366550509e-06  136.554
2   1  -2   1   0   0   0   0   0   0   0   0  +2.713722497791e-04  136.555
2   1  -2   1   1  -1  -1   0   0   0   0   0  -7.584505602323e-05  136.644
2   1  -2   1   1   0  -1   0   0   0   0   0  -4.682911212867e-04  136.654
2   1  -2   1   1   0   1   0   0   0   0   0  -9.045751892229e-06  136.656
2   1  -2   1   1   1   1   0   0   0   0   0  +6.262447553437e-06  136.666
2   1  -2   2  -1  -2   0   0   0   0   0   0  +5.357862131290e-05  137.435
2   1  -2   2  -1  -1   0   0   0   0   0   0  -1.798015165670e-03  137.445
2   1  -2   2  -1   0   0   0   0   0   0   0  -9.534211903332e-03  137.455
4   1  -2   2  -1   0   0   0   0   0   0   0  +2.689980066030e-06  137.455
3   1  -2   2   0  -1   0   0   0   0   0   0  +1.630657473865e-05  137.545
3   1  -2   2   0   0   0   0   0   0   0   0  -1.093143943056e-04  137.555
2   1  -2   2   1  -1   0   0   0   0   0   0  -1.461236056981e-05  137.645
2   1  -2   2   1   0   0   0   0   0   0   0  +5.490069471117e-04  137.655
2   1  -2   2   1   1   0   0   0   0   0   0  -1.697816158309e-04  137.665
2   1  -2   3  -1  -1  -1   0   0   0   0   0  -8.071582582496e-05  138.444
2   1  -2   3  -1   0  -1   0   0   0   0   0  -4.383705612712e-04  138.454
3   1  -2   3   0   0  -1   0   0   0   0   0  -7.247366550509e-06  138.554
2   1  -2   3   1   0  -1   0   0   0   0   0  +3.966209961894e-05  138.654
2   1  -2   3   1   1  -1   0   0   0   0   0  -6.262447553437e-06  138.664
2   1  -2   4  -1   0  -2   0   0   0   0   0  -1.600398715690e-05  139.453
2   1  -2   4  -1   0   0   0   0   0   0   0  +1.050697771629e-04  139.455
2   1  -2   4  -1   1   0   0   0   0   0   0  -3.131218660256e-05  139.465
2   1  -2   5  -1   0  -1   0   0   0   0   0  +1.182905623102e-05  13X.454
2   1  -1  -3   2   0   1   0   0   0   0   0  +3.200802547842e-05  142.756
2   1  -1  -2   0  -3   0   0   0   0   0   0  +1.948313037154e-05  143.525
2   1  -1  -2   0  -2   0   0   0   0   0   0  +1.134196901792e-04  143.535
2   1  -1  -2   0   0   2   0   0   0   0   0  +9.045751892229e-06  143.557
3   1  -1  -2   1  -1   0   0   0   0   0   0  +9.059208188137e-06  143.645
3   1  -1  -2   1   0   0   0   0   0   0   0  +1.751446916373e-05  143.655
2   1  -1  -2   2  -1   0   0   0   0   0   0  +1.377735903525e-04  143.745
2   1  -1  -2   2   0   0   0   0   0   0   0  +7.876753837012e-04  143.755
2   1  -1  -1   0  -1   1   0   0   0   0   0  +1.071572426258e-04  144.546
2   1  -1  -1   0   0   1   0   0   0   0   0  +9.017908615916e-04  144.556
2   1  -1  -1   1   0   0   0   0   0   0   0  -3.966209961894e-05  144.655
3   1  -1  -1   1   0   1   0   0   0   0   0  +4.227630487797e-06  144.656
2   1  -1  -1   2   0   1   0   0   0   0   0  -2.296227358619e-05  144.756
2   1  -1   0  -2  -2   0   0   0   0   0   0  -9.741590768082e-06  145.335
3   1  -1   0  -1  -2   0   0   0   0   0   0  +4.831577700340e-06  145.435
3   1  -1   0  -1  -1   0   0   0   0   0   0  +2.838551898950e-05  145.445
2   1  -1   0   0  -3   0   0   0   0   0   0  -1.461236056981e-05  145.525
3   1  -1   0  -1   0   0   0   0   0   0   0  +7.186966712793e-05  145.455
2   1  -1   0   0  -2   0   0   0   0   0   0  +1.515509647371e-03  145.535
2   1  -1   0   0  -1   0   0   0   0   0   0  -4.946002882811e-02  145.545
4   1  -1   0   0  -1   0   0   0   0   0   0  +5.917956145266e-06  145.545
2   1  -1   0   0   0   0   0   0   0   0   0  -2.621616020833e-01  145.555
4   1  -1   0   0   0   0   0   0   0   0   0  +5.272376278806e-05  145.555
2   1  -1   0   0   1   0   0   0   0   0   0  -1.043737847931e-05  145.565
4   1  -1   0   0   1   0   0   0   0   0   0  -4.303968105648e-06  145.565
3   1  -1   0   1  -1   0   0   0   0   0   0  +9.663150284217e-05  145.645
3   1  -1   0   1   0   0   0   0   0   0   0  -6.522625802289e-04  145.655
3   1  -1   0   1   1   0   0   0   0   0   0  +8.515650580386e-05  145.665
2   1  -1   0   2  -1   0   0   0   0   0   0  -4.870785151117e-05  145.745
2   1  -1   0   2   0   0   0   0   0   0   0  +1.690162084169e-03  145.755
2   1  -1   0   2   1   0   0   0   0   0   0  +2.755472318696e-04  145.765
2   1  -1   0   2   2   0   0   0   0   0   0  -1.043737847931e-05  145.775
2   1  -1   1  -1   0   0   0   0   0   0   0  +9.741590768082e-06  146.455
2   1  -1   1   0  -1  -1   0   0   0   0   0  -8.280334245252e-05  146.544
2   1  -1   1   0   0  -1   0   0   0   0   0  -7.939377800900e-04  146.554
2   1  -1   1   0   0   1   0   0   0   0   0  -3.827042186723e-05  146.556
2   1  -1   1   0   1   1   0   0   0   0   0  +2.435390017327e-05  146.566
3   1  -1   1   1   0  -1   0   0   0   0   0  -4.831577700340e-06  146.654
2   1  -1   1   1   0   0   0   0   0   0   0  -1.739566490860e-05  146.655
2   1  -1   1   2   0  -1   0   0   0   0   0  +2.087480812325e-05  146.754
2   1  -1   2  -2  -1   0   0   0   0   0   0  +2.783304338792e-05  147.345
2   1  -1   2  -2   0   0   0   0   0   0   0  +1.496026465835e-04  147.355
3   1  -1   2  -1  -1   0   0   0   0   0   0  +1.872236358882e-05  147.445
3   1  -1   2  -1   0   0   0   0   0   0   0  -1.268288123047e-04  147.455
3   1  -1   2  -1   1   0   0   0   0   0   0  +1.751446916373e-05  147.465
2   1  -1   2   0  -1   0   0   0   0   0   0  -9.741570302233e-05  147.545
2   1  -1   2   0   0  -2   0   0   0   0   0  -9.741590768082e-06  147.553
2   1  -1   2   0   0   0   0   0   0   0   0  +3.419290429080e-03  147.555
2   1  -1   2   0   1   0   0   0   0   0   0  -7.452299797434e-04  147.565
2   1  -1   2   0   2   0   0   0   0   0   0  -5.009947809825e-05  147.575
2   1  -1   3  -2   0  -1   0   0   0   0   0  +6.958286429291e-06  148.354
3   1  -1   3  -1   0  -1   0   0   0   0   0  -5.435524912882e-06  148.454
2   1  -1   3   0  -1  -1   0   0   0   0   0  -6.958286429291e-06  148.544
2   1  -1   3   0   0  -1   0   0   0   0   0  +2.254477026067e-04  148.554
2   1  -1   3   0   1  -1   0   0   0   0   0  -1.739566490860e-05  148.564
2   1  -1   4  -2   0   0   0   0   0   0   0  +6.401599979221e-05  149.355
2   1  -1   4  -2   1   0   0   0   0   0   0  +1.322068281810e-05  149.365
2   1  -1   4   0   0  -2   0   0   0   0   0  +1.043737847931e-05  149.553
2   1   0  -3   1  -1   1   0   0   0   0   0  +1.948313037154e-05  152.646
2   1   0  -3   1   0   1   0   0   0   0   0  +9.254488205598e-05  152.656
2   1   0  -2  -1  -2   0   0   0   0   0   0  -6.262447553437e-06  153.435
3   1   0  -2   0  -1   0   0   0   0   0   0  +1.509868031356e-05  153.545
2   1   0  -2   1  -2   0   0   0   0   0   0  -2.574557792498e-05  153.635
2   1   0  -2   1  -1   0   0   0   0   0   0  +4.376747223954e-04  153.645
2   1   0  -2   1   0   0   0   0   0   0   0  +1.934397078271e-03  153.655
2   1   0  -1  -1  -1   1   0   0   0   0   0  +6.958286429291e-06  154.446
2   1   0  -1  -1   0   1   0   0   0   0   0  +3.061634772671e-05  154.456
2   1   0  -1   0  -1   0   0   0   0   0   0  -8.349913016375e-06  154.545
2   1   0  -1   0   0   0   0   0   0   0   0  -4.453286942067e-05  154.555
3   1   0  -1   0   0   1   0   0   0   0   0  +7.247366550509e-06  154.556
2   1   0  -1   1   0   1   0   0   0   0   0  -1.015906339482e-04  154.656
2   1   0  -1   1   1   1   0   0   0   0   0  -2.504973904913e-05  154.666
2   1   0   0  -1  -2   0   0   0   0   0   0  -1.203779254439e-04  155.435
2   1   0   0  -1  -1   0   0   0   0   0   0  +1.372169448341e-03  155.445
2   1   0   0  -1   0   0   0   0   0   0   0  +7.412637493157e-03  155.455
3   1   0   0   0  -2   0   0   0   0   0   0  -1.811841637627e-05  155.535
3   1   0   0   0  -1   0   0   0   0   0   0  +5.900560685016e-04  155.545
2   1   0   0   0   0  -1   0   0   0   0   0  +9.741590768082e-06  155.554
3   1   0   0   0   0   0   0   0   0   0   0  -3.990880775743e-03  155.555
2   1   0   0   0   0   1   0   0   0   0   0  +2.574557792498e-05  155.556
3   1   0   0   0   1   0   0   0   0   0   0  +5.163745597361e-04  155.565
2   1   0   0   1  -1   0   0   0   0   0   0  -5.956273331599e-04  155.645
3   1   0   0   0   2   0   0   0   0   0   0  -7.851313763052e-06  155.575
2   1   0   0   1   0   0   0   0   0   0   0  +2.061802894498e-02  155.655
4   1   0   0   1   0   0   0   0   0   0   0  -6.993948171678e-06  155.655
2   1   0   0   1   1   0   0   0   0   0   0  +4.137383153147e-03  155.665
2   1   0   0   1   2   0   0   0   0   0   0  -1.162029945180e-04  155.675
3   1   0   0   2   0   0   0   0   0   0   0  -6.039472125425e-06  155.755
2   1   0   1  -1   0  -1   0   0   0   0   0  -8.349913016375e-06  156.454
2   1   0   1  -1   0   1   0   0   0   0   0  -2.574557792498e-05  156.456
3   1   0   1   0   0  -1   0   0   0   0   0  -6.039472125425e-06  156.554
2   1   0   1   0   0   0   0   0   0   0   0  -1.141155290551e-04  156.555
2   1   0   1   0   1   0   0   0   0   0   0  -2.504973904913e-05  156.565
2   1   0   1   1   0  -1   0   0   0   0   0  +1.273362118732e-04  156.654
2   1   0   1   1   1  -1   0   0   0   0   0  +3.200802547842e-05  156.664
3   1   0   2  -2   0   0   0   0   0   0   0  -6.039472125425e-06  157.355
2   1   0   2  -1  -1   0   0   0   0   0   0  -1.141155290551e-04  157.445
2   1   0   2  -1   0   0   0   0   0   0   0  +3.943247585978e-03  157.455
2   1   0   2  -1   1   0   0   0   0   0   0  +8.656079051873e-04  157.465
2   1   0   2  -1   2   0   0   0   0   0   0  -2.017896924740e-05  157.475
3   1   0   2   0   0   0   0   0   0   0   0  -1.630657473865e-05  157.555
3   1   0   2   0   1   0   0   0   0   0   0  +1.026710261322e-05  157.565
2   1   0   2   1   1   0   0   0   0   0   0  -1.739566490860e-05  157.665
2   1   0   2   1   2   0   0   0   0   0   0  -1.391652169396e-05  157.675
2   1   0   3  -1   0  -1   0   0   0   0   0  +1.683899380792e-04  158.454
2   1   0   3  -1   1  -1   0   0   0   0   0  +3.896626074308e-05  158.464
2   1   1  -5   0   0   3   0   0   0   0   0  -9.741590768082e-06  160.558
2   1   1  -4   0   0   2   0   0   0   0   0  -2.894637535636e-04  161.557
2   1   1   0   0   0   0   0  -2   0   0   0  +5.566608677583e-06  165.555
2   1   1  -3   0  -1   1   0   0   0   0   0  +5.636192565169e-05  162.546
2   1   1  -3   0   0   1   0   0   0   0   0  -7.132915330361e-03  162.556
2   1   1  -3   0   0   0   0   0   0   1   0  -7.654074140521e-06  162.555
2   1   1  -3   2   0   1   0   0   0   0   0  +6.262447553437e-06  162.756
2   1   1  -2   0  -2   0   0   0   0   0   0  -9.950316848527e-05  163.535
2   1   1  -2   0  -1   0   0   0   0   0   0  +1.372865287217e-03  163.545
2   1   1  -2   0   0   0   0   0   0   0   0  -1.219832201535e-01  163.555
2   1   1  -2   0   0   2   0   0   0   0   0  +7.793252148617e-05  163.557
3   1   1  -2   1  -1   0   0   0   0   0   0  +5.435524912882e-06  163.645
3   1   1  -2   1   0   0   0   0   0   0   0  -4.046446324034e-05  163.655
3   1   1  -2   1   1   0   0   0   0   0   0  +5.435524912882e-06  163.665
2   1   1  -2   2  -1   0   0   0   0   0   0  -9.045751892229e-06  163.745
2   1   1  -2   2   0   0   0   0   0   0   0  +1.830022986490e-04  163.755
2   1   1  -2   2   1   0   0   0   0   0   0  +3.687879528015e-05  163.765
2   1   1  -1   0  -1  -1   0   0   0   0   0  -2.017896924740e-05  164.544
2   1   1  -1   0   0  -1   0   0   0   0   0  +1.020777160448e-03  164.554
2   1   1  -1   0   0   1   0   0   0   0   0  +2.884200003663e-03  164.556
2   1   1  -1   0   1   1   0   0   0   0   0  -7.514921714738e-05  164.566
2   1   1   0  -2  -2   0   0   0   0   0   0  -8.349913016375e-06  165.335
2   1   1   0  -2  -1   0   0   0   0   0   0  +6.749514300685e-05  165.345
3   1   1   0  -1  -1   0   0   0   0   0   0  +3.261314947729e-05  165.445
3   1   1   0  -1   0   0   0   0   0   0   0  -2.174208430214e-04  165.455
2   1   1   0   0  -2   0   0   0   0   0   0  +4.662038604823e-05  165.535
3   1   1   0  -1   1   0   0   0   0   0   0  +2.778157177695e-05  165.465
2   1   1   0   0  -1   0   0   0   0   0   0  -7.300609480729e-03  165.545
4   1   1   0   0  -1   0   0   0   0   0   0  +5.379960132060e-06  165.545
2   1   1   0   0   0   0   0   0   0   0   0  +3.687016534826e-01  165.555
4   1   1   0   0   0   0   0   0   0   0   0  -5.057177873524e-05  165.555
2   1   1   0   0   0   2   0   0   0   0   0  -1.322068281810e-05  165.557
2   1   1   0   0   1   0   0   0   0   0   0  +5.002016899258e-02  165.565
4   1   1   0   0   1   0   0   0   0   0   0  -5.917956145266e-06  165.565
2   1   1   0   0   2   0   0   0   0   0   0  -1.073659994050e-03  165.575
3   1   1   0   1   0   0   0   0   0   0   0  -7.911703367844e-05  165.655
3   1   1   0   1   1   0   0   0   0   0   0  -3.261314947729e-05  165.665
2   1   1   0   2   1   0   0   0   0   0   0  -9.741590768082e-06  165.765
2   1   1   0   2   2   0   0   0   0   0   0  -8.349913016375e-06  165.775
2   1   1   1   0  -1  -1   0   0   0   0   0  +9.045751892229e-06  166.544
2   1   1   1   0   0  -1   0   0   0   0   0  +2.884200003663e-03  166.554
2   1   1   1   0   0   1   0   0   0   0   0  -4.383708170944e-05  166.556
2   1   1   1   0   1  -1   0   0   0   0   0  +5.218699472581e-05  166.564
2   1   1   2  -2   0   0   0   0   0   0   0  +1.830022986490e-04  167.355
2   1   1   2  -2   1   0   0   0   0   0   0  +5.079531697410e-05  167.365
3   1   1   2  -1   0   0   0   0   0   0   0  -1.449473310102e-05  167.455
3   1   1   2  -1   1   0   0   0   0   0   0  -5.435524912882e-06  167.465
2   1   1   2   0   0  -2   0   0   0   0   0  +7.236591280858e-05  167.553
2   1   1   2   0   0   0   0   0   0   0   0  +5.250009407940e-03  167.555
2   1   1   2   0   1   0   0   0   0   0   0  -2.010938024335e-04  167.565
2   1   1   2   0   2   0   0   0   0   0   0  -9.950316848527e-05  167.575
2   1   1   2   0   3   0   0   0   0   0   0  -9.045751892229e-06  167.585
2   1   1   3  -2   0  -1   0   0   0   0   0  +6.262447553437e-06  168.354
2   1   1   3   0   0  -1   0   0   0   0   0  +3.054677407205e-04  168.554
2   1   1   3   0   1  -1   0   0   0   0   0  -8.349913016375e-06  168.564
2   1   1   4   0   0  -2   0   0   0   0   0  +1.252489510687e-05  169.553
2   1   2  -4   1  -1   0   0   0   0   0   0  +2.226643471033e-05  171.645
2   1   2  -4   1   0   2   0   0   0   0   0  +8.349913016375e-06  171.657
2   1   2  -3   0   0   0   0   0   0   0   0  +9.045751892229e-06  172.555
2   1   2  -3   1   0   1   0   0   0   0   0  +1.683899380792e-04  172.656
2   1   2  -3   1   1   1   0   0   0   0   0  +3.270381318965e-05  172.666
2   1   2  -2  -1  -2   0   0   0   0   0   0  -1.391652169396e-05  173.435
2   1   2  -2  -1  -1   0   0   0   0   0   0  +1.168988333939e-04  173.445
2   1   2  -2  -1   0   0   0   0   0   0   0  -2.017896924740e-05  173.455
3   1   2  -2   0  -1   0   0   0   0   0   0  -1.026710261322e-05  173.545
3   1   2  -2   0   0   0   0   0   0   0   0  -4.589993698860e-05  173.555
3   1   2  -2   0   1   0   0   0   0   0   0  +5.435524912882e-06  173.565
2   1   2  -2   1  -1   0   0   0   0   0   0  -1.259445341215e-04  173.645
2   1   2  -2   1   0   0   0   0   0   0   0  +3.942551798267e-03  173.655
2   1   2  -2   1   1   0   0   0   0   0   0  +7.821087750236e-04  173.665
2   1   2  -2   1   2   0   0   0   0   0   0  -1.669982603275e-05  173.675
2   1   2  -1  -1   0   1   0   0   0   0   0  +1.266403729973e-04  174.456
2   1   2  -1  -1   1   1   0   0   0   0   0  +2.157059583448e-05  174.466
2   1   2  -1   0   0   0   0   0   0   0   0  -1.141155290551e-04  174.555
2   1   2  -1   0   1   0   0   0   0   0   0  -1.948313037154e-05  174.565
2   1   2  -1   1   0  -1   0   0   0   0   0  -2.644141680083e-05  174.654
3   1   2   0  -2   0   0   0   0   0   0   0  -1.630657473865e-05  175.355
2   1   2   0  -1  -1   0   0   0   0   0   0  -6.039772461763e-04  175.445
2   1   2   0  -1   0   0   0   0   0   0   0  +2.061733310610e-02  175.455
4   1   2   0  -1   0   0   0   0   0   0   0  -6.993948171678e-06  175.455
2   1   2   0  -1   1   0   0   0   0   0   0  +4.087979462760e-03  175.465
3   1   2   0   0  -1   0   0   0   0   0   0  +4.710783141369e-05  175.545
2   1   2   0  -1   2   0   0   0   0   0   0  -8.628248566716e-05  175.475
2   1   2   0   0   0  -1   0   0   0   0   0  +1.530819944567e-05  175.554
3   1   2   0   0   0   0   0   0   0   0   0  -1.456719806854e-03  175.555
3   1   2   0   0   1   0   0   0   0   0   0  -5.900560685016e-04  175.565
3   1   2   0   0   2   0   0   0   0   0   0  -4.891967305132e-05  175.575
2   1   2   0   1   0   0   0   0   0   0   0  -3.166009580756e-04  175.655
2   1   2   0   1   1   0   0   0   0   0   0  -1.997021246818e-04  175.665
2   1   2   0   1   2   0   0   0   0   0   0  -1.203779254439e-04  175.675
2   1   2   0   1   3   0   0   0   0   0   0  -1.809150378446e-05  175.685
2   1   2   1  -1   0  -1   0   0   0   0   0  -1.057656160387e-04  176.454
2   1   2   1  -1   1  -1   0   0   0   0   0  -1.600398715690e-05  176.464
2   1   2   2  -1   0   0   0   0   0   0   0  -8.210750357667e-05  177.455
2   1   2   2  -1   1   0   0   0   0   0   0  -6.401599979221e-05  177.465
2   1   2   2  -1   2   0   0   0   0   0   0  -2.574557792498e-05  177.475
2   1   3  -4   0  -1   0   0   0   0   0   0  +1.878729149569e-05  181.545
2   1   3  -4   0   0   2   0   0   0   0   0  +1.322068281810e-05  181.557
2   1   3  -4   2   0   0   0   0   0   0   0  +6.401599979221e-05  181.755
2   1   3  -4   2   1   0   0   0   0   0   0  +1.252489510687e-05  181.765
2   1   3  -3   0   0   1   0   0   0   0   0  +2.254477026067e-04  182.556
2   1   3  -3   0   1   1   0   0   0   0   0  +4.314124283358e-05  182.566
2   1   3  -2  -2  -1   0   0   0   0   0   0  +1.043737847931e-05  183.345
3   1   3  -2  -1   0   0   0   0   0   0   0  -6.039472125425e-06  183.455
2   1   3  -2   0  -1   0   0   0   0   0   0  +1.092447080887e-04  183.545
2   1   3  -2   0   0   0   0   0   0   0   0  +3.419986216792e-03  183.555
2   1   3  -2   0   1   0   0   0   0   0   0  +6.693848725556e-04  183.565
2   1   3  -2   0   2   0   0   0   0   0   0  -1.391652169396e-05  183.575
3   1   3  -2   1   0   0   0   0   0   0   0  -4.650388420115e-05  183.655
3   1   3  -2   1   1   0   0   0   0   0   0  -1.872236358882e-05  183.665
2   1   3  -2   2   0   0   0   0   0   0   0  -6.262447553437e-06  183.755
2   1   3  -1  -2   0   1   0   0   0   0   0  +2.087480812325e-05  184.356
2   1   3  -1  -1   0   0   0   0   0   0   0  -1.809150378446e-05  184.455
2   1   3  -1   0   0  -1   0   0   0   0   0  -3.687879528015e-05  184.554
2   1   3  -1   0   0   1   0   0   0   0   0  +3.409549094135e-05  184.556
2   1   3  -1   0   1   1   0   0   0   0   0  +1.809150378446e-05  184.566
2   1   3   0  -2  -1   0   0   0   0   0   0  -4.035793849479e-05  185.345
2   1   3   0  -2   0   0   0   0   0   0   0  +1.689466245293e-03  185.355
2   1   3   0  -2   1   0   0   0   0   0   0  +3.346924618601e-04  185.365
3   1   3   0  -1  -1   0   0   0   0   0   0  +7.851313763052e-06  185.445
3   1   3   0  -1   0   0   0   0   0   0   0  -2.379550482479e-04  185.455
3   1   3   0  -1   1   0   0   0   0   0   0  -9.602755562963e-05  185.465
3   1   3   0  -1   2   0   0   0   0   0   0  -7.851313763052e-06  185.475
2   1   3   0   0   0   0   0   0   0   0   0  +1.128073586199e-02  185.555
4   1   3   0   0   0   0   0   0   0   0   0  -9.145983389126e-06  185.555
2   1   3   0   0   1   0   0   0   0   0   0  +7.226156051293e-03  185.565
4   1   3   0   0   1   0   0   0   0   0   0  -5.379960132060e-06  185.565
2   1   3   0   0   2   0   0   0   0   0   0  +1.513422181908e-03  185.575
2   1   3   0   0   3   0   0   0   0   0   0  +9.880732960942e-05  185.585
2   1   3   1  -2   0  -1   0   0   0   0   0  -1.669982603275e-05  186.354
2   1   3   1   0   0  -1   0   0   0   0   0  -3.896626074308e-05  186.554
2   1   3   1   0   1  -1   0   0   0   0   0  -1.600398715690e-05  186.564
2   1   3   2  -2   0   0   0   0   0   0   0  -3.339965206550e-05  187.355
2   1   3   2  -2   1   0   0   0   0   0   0  -2.017896924740e-05  187.365
2   1   4  -5   1   0   1   0   0   0   0   0  +1.182905623102e-05  190.656
2   1   4  -4   1   0   0   0   0   0   0   0  +1.043739382870e-04  191.655
2   1   4  -4   1   1   0   0   0   0   0   0  +2.017896924740e-05  191.665
2   1   4  -3  -1   0   1   0   0   0   0   0  +3.966209961894e-05  192.456
2   1   4  -3  -1   1   1   0   0   0   0   0  +7.654074140521e-06  192.466
2   1   4  -3   1   0   1   0   0   0   0   0  +2.087480812325e-05  192.656
2   1   4  -3   1   1   1   0   0   0   0   0  +1.182905623102e-05  192.666
2   1   4  -2  -1  -1   0   0   0   0   0   0  +2.504973904913e-05  193.445
2   1   4  -2  -1   0   0   0   0   0   0   0  +5.420486606824e-04  193.455
2   1   4  -2  -1   1   0   0   0   0   0   0  +1.057656160387e-04  193.465
3   1   4  -2   0   0   0   0   0   0   0   0  -3.986051602780e-05  193.555
3   1   4  -2   0   1   0   0   0   0   0   0  -1.630657473865e-05  193.565
2   1   4  -2   1   0   0   0   0   0   0   0  +4.105375178833e-04  193.655
2   1   4  -2   1   1   0   0   0   0   0   0  +2.623264978869e-04  193.665
2   1   4  -2   1   2   0   0   0   0   0   0  +5.288278243704e-05  193.675
2   1   4  -1  -1   0  -1   0   0   0   0   0  -8.349913016375e-06  194.454
2   1   4  -1  -1   0   1   0   0   0   0   0  +2.017896924740e-05  194.456
2   1   4  -1  -1   1   1   0   0   0   0   0  +1.252489510687e-05  194.466
2   1   4  -1   0   0   0   0   0   0   0   0  -1.043737847931e-05  194.555
2   1   4  -1   0   1   0   0   0   0   0   0  -6.958286429291e-06  194.565
2   1   4   0  -3   0   0   0   0   0   0   0  +1.356861248896e-04  195.255
2   1   4   0  -3   1   0   0   0   0   0   0  +2.713720451206e-05  195.265
3   1   4   0  -2   0   0   0   0   0   0   0  -2.898946620204e-05  195.355
3   1   4   0  -2   1   0   0   0   0   0   0  -1.147499703831e-05  195.365
2   1   4   0  -1   0   0   0   0   0   0   0  +2.159844832042e-03  195.455
2   1   4   0  -1   1   0   0   0   0   0   0  +1.383302665696e-03  195.465
2   1   4   0  -1   2   0   0   0   0   0   0  +2.915512190265e-04  195.475
3   1   4   0   0   0   0   0   0   0   0   0  -5.495914517674e-05  195.555
2   1   4   0  -1   3   0   0   0   0   0   0  +1.948313037154e-05  195.485
3   1   4   0   0   1   0   0   0   0   0   0  -4.650388420115e-05  195.565
3   1   4   0   0   2   0   0   0   0   0   0  -1.449473310102e-05  195.575
2   1   4   0   1   2   0   0   0   0   0   0  -8.349913016375e-06  195.675
2   1   4   1  -1   0  -1   0   0   0   0   0  -1.809150378446e-05  196.454
2   1   4   1  -1   1  -1   0   0   0   0   0  -9.741590768082e-06  196.464
2   1   4   2  -3   0   0   0   0   0   0   0  -6.958286429291e-06  197.255
2   1   5  -5   0   0   1   0   0   0   0   0  +6.958286429291e-06  1X0.556
2   1   5  -4   0   0   0   0   0   0   0   0  +5.149115584996e-05  1X1.555
2   1   5  -4   0   1   0   0   0   0   0   0  +9.741590768082e-06  1X1.565
2   1   5  -4   2   0   0   0   0   0   0   0  +1.043737847931e-05  1X1.755
2   1   5  -3   0   0   1   0   0   0   0   0  +2.435390017327e-05  1X2.556
2   1   5  -3   0   1   1   0   0   0   0   0  +1.461236056981e-05  1X2.566
2   1   5  -2  -2   0   0   0   0   0   0   0  +6.471183866806e-05  1X3.355
2   1   5  -2  -2   1   0   0   0   0   0   0  +1.252489510687e-05  1X3.365
3   1   5  -2  -1   0   0   0   0   0   0   0  -9.059208188137e-06  1X3.455
2   1   5  -2   0   0   0   0   0   0   0   0  +3.451298403394e-04  1X3.555
2   1   5  -2   0   1   0   0   0   0   0   0  +2.205769328050e-04  1X3.565
2   1   5  -2   0   2   0   0   0   0   0   0  +4.592454717237e-05  1X3.575
2   1   5   0  -4   0   0   0   0   0   0   0  +1.113321735517e-05  1X5.155
2   1   5   0  -2   0   0   0   0   0   0   0  +2.859846103489e-04  1X5.355
2   1   5   0  -2   1   0   0   0   0   0   0  +1.830022986490e-04  1X5.365
2   1   5   0  -2   2   0   0   0   0   0   0  +3.896626074308e-05  1X5.375
3   1   5   0  -1   0   0   0   0   0   0   0  -1.509868031356e-05  1X5.455
3   1   5   0  -1   1   0   0   0   0   0   0  -1.268289146339e-05  1X5.465
3   1   5   0  -1   2   0   0   0   0   0   0  -3.623683275255e-06  1X5.475
2   1   6  -4  -1   0   0   0   0   0   0   0  +1.043737847931e-05  1E1.455
2   1   6  -4   1   0   0   0   0   0   0   0  +1.600398715690e-05  1E1.655
2   1   6  -4   1   1   0   0   0   0   0   0  +1.043737847931e-05  1E1.665
2   1   6  -3  -1   0   1   0   0   0   0   0  +6.262447553437e-06  1E2.456
2   1   6  -2  -3   0   0   0   0   0   0   0  +6.958286429291e-06  1E3.255
2   1   6  -2  -1   0   0   0   0   0   0   0  +8.349913016375e-05  1E3.455
2   1   6  -2  -1   1   0   0   0   0   0   0  +5.357862131290e-05  1E3.465
2   1   6  -2  -1   2   0   0   0   0   0   0  +1.113321735517e-05  1E3.475
2   1   6   0  -3   0   0   0   0   0   0   0  +3.200802547842e-05  1E5.255
2   1   6   0  -3   1   0   0   0   0   0   0  +2.087480812325e-05  1E5.265
2   1   7  -4   0   0   0   0   0   0   0   0  +8.349913016375e-06  1T1.555
2   1   7  -2  -2   0   0   0   0   0   0   0  +1.391652169396e-05  1T3.355
2   1   7  -2  -2   1   0   0   0   0   0   0  +9.045751892229e-06  1T3.365
2   2  -6   2   4   0   0   0   0   0   0   0  +1.252489510687e-05  2T7.955
2   2  -6   4   2   0   0   0   0   0   0   0  +2.435390017327e-05  2T9.755
2   2  -6   6   0   0   0   0   0   0   0   0  +1.113321735517e-05  2TE.555
2   2  -5   0   5   0   0   0   0   0   0   0  +1.809150378446e-05  205.X55
3   2  -5   2   2   0   0   0   0   0   0   0  -1.161590441067e-05  207.755
2   2  -5   2   3   0   0   0   0   0   0   0  +1.050697771629e-04  207.855
2   2  -5   3   3   0  -1   0   0   0   0   0  +9.741590768082e-06  208.854
3   2  -5   4   0   0   0   0   0   0   0   0  -6.149578394604e-06  209.555
2   2  -5   4   1   0   0   0   0   0   0   0  +1.273362118732e-04  209.655
2   2  -5   5   1   0  -1   0   0   0   0   0  +1.809150378446e-05  20X.654
2   2  -5   6  -1   0   0   0   0   0   0   0  +2.504973904913e-05  20E.455
3   2  -4   0   3   0   0   0   0   0   0   0  -2.596492066474e-05  215.855
2   2  -4   0   4  -1   0   0   0   0   0   0  -6.958286429291e-06  215.945
2   2  -4   0   4   0   0   0   0   0   0   0  +1.843939764007e-04  215.955
2   2  -4   1   2   0   1   0   0   0   0   0  -1.878729149569e-05  216.756
3   2  -4   2   1  -1   0   0   0   0   0   0  -9.566044945799e-06  217.645
3   2  -4   2   1   0   0   0   0   0   0   0  -5.602961142384e-05  217.655
2   2  -4   2   2  -1   0   0   0   0   0   0  -2.922472113962e-05  217.745
2   2  -4   2   2   0   0   0   0   0   0   0  +7.730630231313e-04  217.755
2   2  -4   3   0   0   1   0   0   0   0   0  -1.182905623102e-05  218.556
2   2  -4   3   1   0   0   0   0   0   0   0  -6.262447553437e-06  218.655
2   2  -4   3   2   0  -1   0   0   0   0   0  +6.401599979221e-05  218.754
3   2  -4   4  -1   0   0   0   0   0   0   0  -1.093260086750e-05  219.455
2   2  -4   4   0  -1   0   0   0   0   0   0  -1.809150378446e-05  219.545
2   2  -4   4   0   0   0   0   0   0   0   0  +4.794243386419e-04  219.555
2   2  -4   5   0   0  -1   0   0   0   0   0  +6.262437320512e-05  21X.554
2   2  -4   6  -2   0   0   0   0   0   0   0  +2.922472113962e-05  21E.355
2   2  -3  -2   5   0   0   0   0   0   0   0  -7.654074140521e-06  223.X55
2   2  -3  -1   3   0   1   0   0   0   0   0  -3.409549094135e-05  224.856
2   2  -3   0   1  -2   0   0   0   0   0   0  -1.530819944567e-05  225.635
4   2  -3   0   1  -1   0   0   0   0   0   0  -3.124623540323e-06  225.645
4   2  -3   0   1   0   0   0   0   0   0   0  -8.123970040215e-06  225.655
3   2  -3   0   2  -1   0   0   0   0   0   0  -3.143124668081e-05  225.745
3   2  -3   0   2   0   0   0   0   0   0   0  -1.844877099905e-04  225.755
2   2  -3   0   3  -1   0   0   0   0   0   0  -6.749514300685e-05  225.845
2   2  -3   0   3   0   0   0   0   0   0   0  +1.801494257720e-03  225.855
2   2  -3   1   1   0   1   0   0   0   0   0  -8.906579000596e-05  226.656
2   2  -3   1   2   0   0   0   0   0   0   0  -2.852888226377e-05  226.755
2   2  -3   1   3   0  -1   0   0   0   0   0  +3.827042186723e-05  226.854
2   2  -3   2  -1  -2   0   0   0   0   0   0  -1.948313037154e-05  227.435
3   2  -3   2   0  -1   0   0   0   0   0   0  -3.143124668081e-05  227.545
3   2  -3   2   0   0   0   0   0   0   0   0  -1.851710135336e-04  227.555
2   2  -3   2   1  -1   0   0   0   0   0   0  -1.739565979214e-04  227.645
2   2  -3   2   1   0   0   0   0   0   0   0  +4.668298596474e-03  227.655
2   2  -3   3  -1   0   1   0   0   0   0   0  -1.809150378446e-05  228.456
3   2  -3   3   0   0  -1   0   0   0   0   0  -1.229915678921e-05  228.554
2   2  -3   3   0   0   0   0   0   0   0   0  -2.226643471033e-05  228.555
2   2  -3   3   1  -1  -1   0   0   0   0   0  -1.322068281810e-05  228.644
2   2  -3   3   1   0  -1   0   0   0   0   0  +3.534797533558e-04  228.654
3   2  -3   4  -2   0   0   0   0   0   0   0  -6.832881937767e-06  229.355
2   2  -3   4  -1  -1   0   0   0   0   0   0  -3.339965206550e-05  229.445
2   2  -3   4  -1   0   0   0   0   0   0   0  +9.017908615916e-04  229.455
2   2  -3   4   1   0  -2   0   0   0   0   0  +1.600398715690e-05  229.653
2   2  -3   5  -1   0  -1   0   0   0   0   0  +1.022864728241e-04  22X.454
2   2  -3   6  -3   0   0   0   0   0   0   0  +1.322068281810e-05  22E.255
2   2  -2  -2   2  -2   0   0   0   0   0   0  -2.017896924740e-05  233.735
3   2  -2  -2   3   0   0   0   0   0   0   0  +5.466326016063e-06  233.855
2   2  -2  -2   4   0   0   0   0   0   0   0  -5.984106886633e-05  233.955
3   2  -2  -1   1   0   1   0   0   0   0   0  +1.093260086750e-05  234.656
2   2  -2  -1   2  -1   1   0   0   0   0   0  +6.958286429291e-06  234.746
2   2  -2  -1   2   0   1   0   0   0   0   0  -2.164020018791e-04  234.756
2   2  -2   0   0  -2   0   0   0   0   0   0  -9.602402527062e-05  235.535
4   2  -2   0   0  -1   0   0   0   0   0   0  -8.748894748280e-06  235.545
4   2  -2   0   0   0   0   0   0   0   0   0  -2.249718716108e-05  235.555
3   2  -2   0   1  -2   0   0   0   0   0   0  +9.566044945799e-06  235.635
3   2  -2   0   1  -1   0   0   0   0   0   0  -1.810712946039e-04  235.645
3   2  -2   0   1   0   0   0   0   0   0   0  -1.067295626567e-03  235.655
2   2  -2   0   1   0   1   0   0   0   0   0  +3.200802547842e-05  235.656
2   2  -2   0   2  -1   0   0   0   0   0   0  -5.977147986228e-04  235.745
2   2  -2   0   2   0   0   0   0   0   0   0  +1.601026720508e-02  235.755
3   2  -2   0   3   0   0   0   0   0   0   0  +7.516185480931e-06  235.855
2   2  -2   1   0  -1   1   0   0   0   0   0  +9.045751892229e-06  236.546
3   2  -2   1   0   0   0   0   0   0   0   0  +5.466326016063e-06  236.555
2   2  -2   1   0   0   1   0   0   0   0   0  -2.727639275308e-04  236.556
3   2  -2   1   1   0  -1   0   0   0   0   0  -1.093260086750e-05  236.654
2   2  -2   1   1   0   0   0   0   0   0   0  -1.711732935826e-04  236.655
2   2  -2   1   2  -1  -1   0   0   0   0   0  -8.349913016375e-06  236.744
2   2  -2   1   2   0  -1   0   0   0   0   0  +2.477141373171e-04  236.754
2   2  -2   2  -2  -2   0   0   0   0   0   0  -2.296227358619e-05  237.335
3   2  -2   2  -1  -1   0   0   0   0   0   0  -3.416440968884e-05  237.445
3   2  -2   2  -1   0   0   0   0   0   0   0  -1.995200297877e-04  237.455
2   2  -2   2   0  -2   0   0   0   0   0   0  +1.322068281810e-05  237.535
2   2  -2   2   0  -1   0   0   0   0   0   0  -7.215718672814e-04  237.545
2   2  -2   2   0   0   0   0   0   0   0   0  +1.932170455266e-02  237.555
3   2  -2   2   1   0   0   0   0   0   0   0  +2.186520173501e-05  237.655
2   2  -2   2   2   0   0   0   0   0   0   0  +9.045751892229e-06  237.755
2   2  -2   2   2   1   0   0   0   0   0   0  -1.182905623102e-05  237.765
2   2  -2   3  -2   0   1   0   0   0   0   0  -9.045751892229e-06  238.356
3   2  -2   3  -1   0  -1   0   0   0   0   0  -9.566044945799e-06  238.454
2   2  -2   3  -1   0   0   0   0   0   0   0  -4.453286942067e-05  238.455
2   2  -2   3   0  -1  -1   0   0   0   0   0  -4.801201263531e-05  238.544
2   2  -2   3   0   0  -1   0   0   0   0   0  +1.303978466459e-03  238.554
2   2  -2   4  -2  -1   0   0   0   0   0   0  -2.157059583448e-05  239.345
2   2  -2   4  -2   0   0   0   0   0   0   0  +5.900606733177e-04  239.355
3   2  -2   4  -1   0   0   0   0   0   0   0  +4.783022472900e-06  239.455
2   2  -2   4   0   0  -2   0   0   0   0   0  +6.262437320512e-05  239.553
2   2  -2   4   0   0   0   0   0   0   0   0  +1.113321735517e-05  239.555
2   2  -2   4   0   1   0   0   0   0   0   0  -1.600398715690e-05  239.565
2   2  -2   5  -2   0  -1   0   0   0   0   0  +5.288278243704e-05  23X.354
2   2  -1  -3   3   0   1   0   0   0   0   0  -1.322068281810e-05  242.856
2   2  -1  -2   1  -2   0   0   0   0   0   0  -1.022864728241e-04  243.635
2   2  -1  -2   1   0   2   0   0   0   0   0  -8.349913016375e-06  243.657
3   2  -1  -2   2   0   0   0   0   0   0   0  +2.391506119987e-05  243.755
2   2  -1  -2   3  -1   0   0   0   0   0   0  +1.322068281810e-05  243.845
2   2  -1  -2   3   0   0   0   0   0   0   0  -3.896627097601e-04  243.855
3   2  -1  -1   0   0   1   0   0   0   0   0  +1.981534227014e-05  244.556
2   2  -1  -1   1  -1   1   0   0   0   0   0  +3.270381318965e-05  244.646
2   2  -1  -1   1   0   1   0   0   0   0   0  -1.017993856110e-03  244.656
2   2  -1  -1   2   0   0   0   0   0   0   0  +2.783304338792e-05  244.755
2   2  -1   0  -1  -3   0   0   0   0   0   0  +1.739566490860e-05  245.425
2   2  -1   0  -1  -2   0   0   0   0   0   0  -4.634203003204e-04  245.435
2   2  -1   0  -1   0   2   0   0   0   0   0  -1.391652169396e-05  245.457
3   2  -1   0   0  -2   0   0   0   0   0   0  +3.553096561054e-05  245.535
3   2  -1   0   0  -1   0   0   0   0   0   0  -6.607393815108e-04  245.545
3   2  -1   0   0   0   0   0   0   0   0   0  -3.888591181877e-03  245.555
2   2  -1   0   0   0   1   0   0   0   0   0  +9.741570302233e-05  245.556
2   2  -1   0   1  -2   0   0   0   0   0   0  +6.401599979221e-05  245.635
2   2  -1   0   1  -1   0   0   0   0   0   0  -4.511737714626e-03  245.645
2   2  -1   0   1   0   0   0   0   0   0   0  +1.209909718754e-01  245.655
4   2  -1   0   1   0   0   0   0   0   0   0  -9.373819456344e-06  245.655
3   2  -1   0   2   0   0   0   0   0   0   0  +7.037862767792e-05  245.755
3   2  -1   0   2   1   0   0   0   0   0   0  +1.229915678921e-05  245.765
2   2  -1   0   3   0   0   0   0   0   0   0  +2.922472113962e-05  245.855
2   2  -1   0   3   1   0   0   0   0   0   0  +7.654074140521e-06  245.865
2   2  -1   1  -1  -1   1   0   0   0   0   0  +7.654074140521e-06  246.446
2   2  -1   1  -1   0   1   0   0   0   0   0  -2.247519148955e-04  246.456
2   2  -1   1   0  -1   0   0   0   0   0   0  +2.365811246204e-05  246.545
3   2  -1   1   0   0  -1   0   0   0   0   0  -1.639892688357e-05  246.554
2   2  -1   1   0   0   0   0   0   0   0   0  -6.519892588116e-04  246.555
2   2  -1   1   1  -1  -1   0   0   0   0   0  -3.618295640429e-05  246.644
2   2  -1   1   1   0  -1   0   0   0   0   0  +1.130717707413e-03  246.654
3   2  -1   2  -2   0   0   0   0   0   0   0  +8.199437859472e-06  247.355
2   2  -1   2  -1  -2   0   0   0   0   0   0  +1.113321735517e-05  247.435
2   2  -1   2  -1  -1   0   0   0   0   0   0  -8.572579921710e-04  247.445
2   2  -1   2  -1   0   0   0   0   0   0   0  +2.298105504492e-02  247.455
3   2  -1   2   0  -1   0   0   0   0   0   0  -5.466326016063e-06  247.545
3   2  -1   2   0   0   0   0   0   0   0   0  +9.839345897215e-05  247.555
2   2  -1   2   1   0  -2   0   0   0   0   0  +1.948313037154e-05  247.653
2   2  -1   2   1   0   0   0   0   0   0   0  +1.175946211051e-04  247.655
2   2  -1   2   1   1   0   0   0   0   0   0  -8.071582582496e-05  247.665
2   2  -1   2   1   2   0   0   0   0   0   0  -9.045751892229e-06  247.675
2   2  -1   3  -2   0   0   0   0   0   0   0  -6.262447553437e-06  248.355
2   2  -1   3  -1  -1  -1   0   0   0   0   0  -3.896626074308e-05  248.444
2   2  -1   3  -1   0  -1   0   0   0   0   0  +1.061135098943e-03  248.454
3   2  -1   3   0   0  -1   0   0   0   0   0  +6.832881937767e-06  248.554
2   2  -1   3   1   0  -1   0   0   0   0   0  +7.654074140521e-06  248.654
2   2  -1   4  -1   0  -2   0   0   0   0   0  +3.827042186723e-05  249.453
2   2  -1   4  -1   0   0   0   0   0   0   0  +2.296227358619e-05  249.455
2   2  -1   4  -1   1   0   0   0   0   0   0  -1.461236056981e-05  249.465
2   2   0  -3   0  -2   1   0   0   0   0   0  -1.113321735517e-05  252.536
2   2   0  -3   2   0   1   0   0   0   0   0  -7.654089489908e-05  252.756
2   2   0  -2   0  -3   0   0   0   0   0   0  +9.045751892229e-06  253.525
2   2   0  -2   0  -2   0   0   0   0   0   0  -2.741555541179e-04  253.535
2   2   0  -2   0   0   2   0   0   0   0   0  -2.087480812325e-05  253.557
3   2   0  -2   1  -1   0   0   0   0   0   0  +1.161590441067e-05  253.645
3   2   0  -2   1   0   0   0   0   0   0   0  +5.397975195898e-05  253.655
2   2   0  -2   2  -1   0   0   0   0   0   0  +6.610351641977e-05  253.745
2   2   0  -2   2   0   0   0   0   0   0   0  -1.898214121867e-03  253.755
2   2   0  -1   0  -1   1   0   0   0   0   0  +5.149115584996e-05  254.546
2   2   0  -1   0   0   1   0   0   0   0   0  -2.173065514861e-03  254.556
2   2   0  -1   1   0   0   0   0   0   0   0  +9.532818639477e-05  254.655
2   2   0  -1   2   0  -1   0   0   0   0   0  -1.113321735517e-05  254.754
2   2   0   0  -2  -2   0   0   0   0   0   0  +2.226643471033e-05  255.335
3   2   0   0  -1  -1   0   0   0   0   0   0  +3.758082507541e-05  255.445
3   2   0   0  -1   0   0   0   0   0   0   0  +2.200186756010e-04  255.455
2   2   0   0   0  -2   0   0   0   0   0   0  +3.284300143067e-04  255.535
2   2   0   0   0  -1   0   0   0   0   0   0  -2.357807400466e-02  255.545
4   2   0   0   0  -1   0   0   0   0   0   0  +9.998744164409e-06  255.545
2   2   0   0   0   0   0   0   0   0   0   0  +6.319383072377e-01  255.555
4   2   0   0   0   0   0   0   0   0   0   0  -3.874517840613e-05  255.555
2   2   0   0   0   1   0   0   0   0   0   0  +1.322068281810e-05  255.565
4   2   0   0   0   1   0   0   0   0   0   0  +8.748894748280e-06  255.565
3   2   0   0   1  -1   0   0   0   0   0   0  -3.484766206738e-05  255.645
2   2   0   0   1   0  -1   0   0   0   0   0  -6.958286429291e-06  255.654
3   2   0   0   1   0   0   0   0   0   0   0  +5.862609837386e-04  255.655
3   2   0   0   1   1   0   0   0   0   0   0  +1.113759193045e-04  255.665
2   2   0   0   2  -1   0   0   0   0   0   0  -6.958286429291e-06  255.745
3   2   0   0   1   2   0   0   0   0   0   0  -4.783022472900e-06  255.675
2   2   0   0   2   0   0   0   0   0   0   0  +3.653088095868e-04  255.755
2   2   0   0   2   1   0   0   0   0   0   0  +1.315111939637e-04  255.765
2   2   0   0   2   2   0   0   0   0   0   0  +2.504973904913e-05  255.775
2   2   0   1  -2   0   1   0   0   0   0   0  +7.654074140521e-06  256.356
2   2   0   1  -1   0   0   0   0   0   0   0  -2.226643471033e-05  256.455
2   2   0   1   0  -1  -1   0   0   0   0   0  -3.966209961894e-05  256.544
2   2   0   1   0   0  -1   0   0   0   0   0  +1.912826482437e-03  256.554
2   2   0   1   0   0   1   0   0   0   0   0  -8.349913016375e-06  256.556
2   2   0   1   0   1   1   0   0   0   0   0  +1.182905623102e-05  256.566
3   2   0   1   1   0  -1   0   0   0   0   0  +4.783022472900e-06  256.654
2   2   0   1   1   0   0   0   0   0   0   0  -6.262447553437e-06  256.655
2   2   0   2  -2  -1   0   0   0   0   0   0  +1.322068281810e-05  257.345
2   2   0   2  -2   0   0   0   0   0   0   0  -3.604380397851e-04  257.355
3   2   0   2  -1  -1   0   0   0   0   0   0  -6.832881937767e-06  257.445
3   2   0   2  -1   0   0   0   0   0   0   0  +1.141090823126e-04  257.455
3   2   0   2  -1   1   0   0   0   0   0   0  +2.323180882133e-05  257.465
2   2   0   2   0  -1   0   0   0   0   0   0  -1.322068281810e-05  257.545
2   2   0   2   0   0  -2   0   0   0   0   0  +2.296227358619e-05  257.553
2   2   0   2   0   0   0   0   0   0   0   0  +7.417508365288e-04  257.555
2   2   0   2   0   1   0   0   0   0   0   0  -3.548714311075e-04  257.565
2   2   0   2   0   2   0   0   0   0   0   0  +1.203779254439e-04  257.575
2   2   0   3  -2   0  -1   0   0   0   0   0  -1.600398715690e-05  258.354
3   2   0   3  -1   0  -1   0   0   0   0   0  +5.466326016063e-06  258.454
2   2   0   3   0   0  -1   0   0   0   0   0  +4.870785151117e-05  258.554
2   2   0   3   0   1  -1   0   0   0   0   0  -8.349913016375e-06  258.564
2   2   0   4  -2   0   0   0   0   0   0   0  +1.461236056981e-05  259.355
2   2   0   4  -2   1   0   0   0   0   0   0  +6.262447553437e-06  259.365
2   2   1  -4   1   0   2   0   0   0   0   0  -9.045751892229e-06  261.657
2   2   1  -3   1  -1   1   0   0   0   0   0  +9.045751892229e-06  262.646
2   2   1  -3   1   0   1   0   0   0   0   0  -2.233602371438e-04  262.656
2   2   1  -2  -1  -2   0   0   0   0   0   0  +1.530819944567e-05  263.435
3   2   1  -2   0  -1   0   0   0   0   0   0  +1.913203872697e-05  263.545
2   2   1  -2   1  -1   0   0   0   0   0   0  +2.087478765740e-04  263.645
2   2   1  -2   1   0   0   0   0   0   0   0  -4.659948683458e-03  263.655
2   2   1  -1  -1   0   1   0   0   0   0   0  -7.167012509735e-05  264.456
2   2   1  -1   0   0   0   0   0   0   0   0  +1.085489203775e-04  264.555
3   2   1  -1   0   0   1   0   0   0   0   0  -6.832881937767e-06  264.556
2   2   1  -1   1   0  -1   0   0   0   0   0  +1.113321735517e-05  264.654
2   2   1  -1   1   0   1   0   0   0   0   0  -2.296227358619e-05  264.656
2   2   1  -1   1   1   1   0   0   0   0   0  -1.182905623102e-05  264.666
2   2   1   0  -1  -2   0   0   0   0   0   0  -2.644141680083e-05  265.435
2   2   1   0  -1  -1   0   0   0   0   0   0  +6.533808853987e-04  265.445
2   2   1   0  -1   0   0   0   0   0   0   0  -1.786186099206e-02  265.455
3   2   1   0   0  -1   0   0   0   0   0   0  -2.125025412847e-04  265.545
2   2   1   0   0   0  -1   0   0   0   0   0  -1.669982603275e-05  265.554
3   2   1   0   0   0   0   0   0   0   0   0  +3.587261226566e-03  265.555
3   2   1   0   0   1   0   0   0   0   0   0  +6.757717013081e-04  265.565
2   2   1   0   1  -1   0   0   0   0   0   0  -8.280334245252e-05  265.645
3   2   1   0   0   2   0   0   0   0   0   0  -2.391506119987e-05  265.575
2   2   1   0   1   0   0   0   0   0   0   0  +4.467204794041e-03  265.655
4   2   1   0   1   0   0   0   0   0   0   0  -3.749548248387e-06  265.655
2   2   1   0   1   1   0   0   0   0   0   0  +1.970580085840e-03  265.665
2   2   1   0   1   2   0   0   0   0   0   0  +2.783305362084e-04  265.675
2   2   1   1  -1   0  -1   0   0   0   0   0  +2.644141680083e-05  266.454
3   2   1   1   0   0  -1   0   0   0   0   0  +4.783022472900e-06  266.554
2   2   1   1   0   0   0   0   0   0   0   0  -2.504973904913e-05  266.555
2   2   1   1   0   1   0   0   0   0   0   0  -1.113321735517e-05  266.565
2   2   1   1   1   0  -1   0   0   0   0   0  +2.644141680083e-05  266.654
2   2   1   1   1   1  -1   0   0   0   0   0  +1.530819944567e-05  266.664
3   2   1   2  -2   0   0   0   0   0   0   0  +5.466326016063e-06  267.355
2   2   1   2  -1  -1   0   0   0   0   0   0  -1.600398715690e-05  267.445
2   2   1   2  -1   0   0   0   0   0   0   0  +8.544746878322e-04  267.455
2   2   1   2  -1   1   0   0   0   0   0   0  +4.119291444704e-04  267.465
2   2   1   2  -1   2   0   0   0   0   0   0  +4.801201263531e-05  267.475
2   2   1   3  -1   0  -1   0   0   0   0   0  +3.618295640429e-05  268.454
2   2   1   3  -1   1  -1   0   0   0   0   0  +1.809150378446e-05  268.464
2   2   2  -5   0   0   3   0   0   0   0   0  +2.435390017327e-05  270.558
2   2   2  -4   0   0   2   0   0   0   0   0  +6.972179671081e-04  271.557
2   2   2  -4   0   0   0   0   0   0   2   0  +7.654074140521e-06  271.555
2   2   2   0   0   0   0   0  -2   0   0   0  -1.461236056981e-05  275.555
2   2   2  -3   0  -1   1   0   0   0   0   0  +2.644141680083e-05  272.546
3   2   2  -3   0   0   0   0   0   0   0   0  -4.783022472900e-06  272.555
2   2   2  -3   0   0   1   0   0   0   0   0  +1.718760529854e-02  272.556
2   2   2  -3   0   0   0   0   0   0   1   0  +1.739566490860e-05  272.555
2   2   2  -1   0   0   0   0  -1   0   0   0  +9.045751892229e-06  274.555
2   2   2  -2   0  -2   0   0   0   0   0   0  -2.087480812325e-05  273.535
2   2   2  -2   0  -1   0   0   0   0   0   0  +6.582516552004e-04  273.545
2   2   2  -2   0   0   0   0   0   0   0   0  +2.940109632510e-01  273.555
3   2   2  -2   1   0   0   0   0   0   0   0  +3.621426915371e-05  273.655
3   2   2  -2   1   1   0   0   0   0   0   0  +6.832881937767e-06  273.665
2   2   2  -2   2   0   0   0   0   0   0   0  +3.966209961894e-05  273.755
2   2   2  -2   2   1   0   0   0   0   0   0  +1.739566490860e-05  273.765
2   2   2  -1   0  -1  -1   0   0   0   0   0  -1.182905623102e-05  274.544
2   2   2  -1   0   0  -1   0   0   0   0   0  -2.460441751797e-03  274.554
2   2   2  -1   0   0   1   0   0   0   0   0  +6.255478420108e-04  274.556
2   2   2  -1   0   1   1   0   0   0   0   0  -3.618295640429e-05  274.566
2   2   2  -1   0   2   1   0   0   0   0   0  -8.349913016375e-06  274.576
2   2   2   0  -2  -1   0   0   0   0   0   0  +3.200802547842e-05  275.345
2   2   2   0  -2   0   0   0   0   0   0   0  +7.654074140521e-06  275.355
3   2   2   0  -1  -1   0   0   0   0   0   0  -1.161590441067e-05  275.445
3   2   2   0  -1   0   0   0   0   0   0   0  +1.954203108580e-04  275.455
3   2   2   0  -1   1   0   0   0   0   0   0  +3.689752153225e-05  275.465
2   2   2   0   0  -1   0   0   0   0   0   0  -1.024256303663e-03  275.545
2   2   2   0   0   0   0   0   0   0   0   0  +7.992260813578e-02  275.555
4   2   2   0   0   0   0   0   0   0   0   0  -2.624673540946e-05  275.555
2   2   2   0   0   1   0   0   0   0   0   0  +2.382509230310e-02  275.565
4   2   2   0   0   1   0   0   0   0   0   0  -9.998744164409e-06  275.565
2   2   2   0   0   2   0   0   0   0   0   0  +2.587082175959e-03  275.575
3   2   2   0   1   0   0   0   0   0   0   0  +1.776548280527e-05  275.655
3   2   2   0   1   1   0   0   0   0   0   0  +1.161590441067e-05  275.665
2   2   2   1   0   0  -1   0   0   0   0   0  +6.290269852254e-04  276.554
2   2   2   1   0   1  -1   0   0   0   0   0  +2.644141680083e-05  276.564
2   2   2   1   0   2  -1   0   0   0   0   0  +5.566608677583e-06  276.574
2   2   2   2  -2   0   0   0   0   0   0   0  +3.966209961894e-05  277.355
2   2   2   2  -2   1   0   0   0   0   0   0  +2.435390017327e-05  277.365
2   2   2   2   0   0  -2   0   0   0   0   0  +1.530819944567e-05  277.553
2   2   2   2   0   0   0   0   0   0   0   0  +5.441361773100e-04  277.555
2   2   2   2   0   1   0   0   0   0   0   0  -2.852888226377e-05  277.565
2   2   2   2   0   2   0   0   0   0   0   0  -2.157059583448e-05  277.575
2   2   2   3   0   0  -1   0   0   0   0   0  +3.131218660256e-05  278.554
2   2   3  -4   1  -1   0   0   0   0   0   0  +1.043737847931e-05  281.645
2   2   3  -4   1   0   0   0   0   0   0   0  +6.262447553437e-06  281.655
2   2   3  -3   0   0   0   0   0   0   0   0  -2.226643471033e-05  282.555
2   2   3  -3   1   0   1   0   0   0   0   0  +3.687879528015e-05  282.656
2   2   3  -3   1   1   1   0   0   0   0   0  +1.530819944567e-05  282.666
2   2   3  -2  -1  -1   0   0   0   0   0   0  +5.566608677583e-05  283.445
2   2   3  -2  -1   0   0   0   0   0   0   0  +4.522870829652e-05  283.455
3   2   3  -2   0   0   0   0   0   0   0   0  +4.099729162660e-05  283.555
3   2   3  -2   0   1   0   0   0   0   0   0  +7.516185480931e-06  283.565
2   2   3  -2   1  -1   0   0   0   0   0   0  -1.739566490860e-05  283.645
2   2   3  -2   1   0   0   0   0   0   0   0  +8.544746878322e-04  283.655
2   2   3  -2   1   1   0   0   0   0   0   0  +3.722670448515e-04  283.665
2   2   3  -2   1   2   0   0   0   0   0   0  +4.035793849479e-05  283.675
2   2   3  -1  -1   0   1   0   0   0   0   0  +2.783304338792e-05  284.456
2   2   3  -1  -1   1   1   0   0   0   0   0  +9.741590768082e-06  284.466
2   2   3  -1   0   0   0   0   0   0   0   0  -2.435390017327e-05  284.555
2   2   3  -1   0   1   0   0   0   0   0   0  -9.741590768082e-06  284.565
2   2   3  -1   1   0  -1   0   0   0   0   0  -6.262447553437e-06  284.654
3   2   3   0  -2   0   0   0   0   0   0   0  +1.503231979724e-05  285.355
2   2   3   0  -1  -1   0   0   0   0   0   0  -8.419496903960e-05  285.445
2   2   3   0  -1   0   0   0   0   0   0   0  +4.468596471793e-03  285.455
4   2   3   0  -1   0   0   0   0   0   0   0  -3.749548248387e-06  285.455
2   2   3   0  -1   1   0   0   0   0   0   0  +1.947617812254e-03  285.465
3   2   3   0   0  -1   0   0   0   0   0   0  -7.516185480931e-06  285.545
2   2   3   0  -1   2   0   0   0   0   0   0  +2.136186975404e-04  285.475
3   2   3   0   0   0   0   0   0   0   0   0  +3.307113425270e-04  285.555
3   2   3   0   0   1   0   0   0   0   0   0  +2.125025412847e-04  285.565
3   2   3   0   0   2   0   0   0   0   0   0  +4.373040347001e-05  285.575
2   2   3   0   1   0   0   0   0   0   0   0  -3.270381318965e-05  285.655
2   2   3   0   1   1   0   0   0   0   0   0  -2.783304338792e-05  285.665
2   2   3   0   1   2   0   0   0   0   0   0  -2.574557792498e-05  285.675
2   2   3   0   1   3   0   0   0   0   0   0  -8.349913016375e-06  285.685
2   2   3   1  -1   0  -1   0   0   0   0   0  -2.296227358619e-05  286.454
2   2   3   1  -1   1  -1   0   0   0   0   0  -7.654074140521e-06  286.464
2   2   3   2  -1   0   0   0   0   0   0   0  -8.349913016375e-06  287.455
2   2   3   2  -1   1   0   0   0   0   0   0  -9.045751892229e-06  287.465
2   2   4  -4   0  -1   0   0   0   0   0   0  +9.045751892229e-06  291.545
2   2   4  -4   2   0   0   0   0   0   0   0  +1.391652169396e-05  291.755
2   2   4  -4   2   1   0   0   0   0   0   0  +6.262447553437e-06  291.765
2   2   4  -3   0   0   1   0   0   0   0   0  +4.870785151117e-05  292.556
2   2   4  -3   0   1   1   0   0   0   0   0  +2.087480812325e-05  292.566
3   2   4  -2  -1   0   0   0   0   0   0   0  +5.466326016063e-06  293.455
2   2   4  -2   0  -1   0   0   0   0   0   0  +1.530819944567e-05  293.545
2   2   4  -2   0   0   0   0   0   0   0   0  +7.417508365288e-04  293.555
2   2   4  -2   0   1   0   0   0   0   0   0  +3.186884235386e-04  293.565
2   2   4  -2   0   2   0   0   0   0   0   0  +3.409549094135e-05  293.575
3   2   4  -2   1   0   0   0   0   0   0   0  +1.024929732434e-05  293.655
3   2   4  -2   1   1   0   0   0   0   0   0  +6.832881937767e-06  293.665
2   2   4  -1   0   0  -1   0   0   0   0   0  -1.113321735517e-05  294.554
2   2   4   0  -2   0   0   0   0   0   0   0  +3.667004361739e-04  295.355
2   2   4   0  -2   1   0   0   0   0   0   0  +1.593442373516e-04  295.365
2   2   4   0  -2   2   0   0   0   0   0   0  +1.739566490860e-05  295.375
3   2   4   0  -1   0   0   0   0   0   0   0  +5.397975195898e-05  295.455
3   2   4   0  -1   1   0   0   0   0   0   0  +3.484766206738e-05  295.465
3   2   4   0  -1   2   0   0   0   0   0   0  +7.516185480931e-06  295.475
2   2   4   0   0   0   0   0   0   0   0   0  +1.170379807032e-03  295.555
2   2   4   0   0   1   0   0   0   0   0   0  +1.013818925184e-03  295.565
2   2   4   0   0   2   0   0   0   0   0   0  +3.284300143067e-04  295.575
2   2   4   0   0   3   0   0   0   0   0   0  +4.731617375946e-05  295.585
2   2   5  -4   1   0   0   0   0   0   0   0  +2.296227358619e-05  2X1.655
2   2   5  -4   1   1   0   0   0   0   0   0  +9.741590768082e-06  2X1.665
2   2   5  -3  -1   0   1   0   0   0   0   0  +9.045751892229e-06  2X2.456
2   2   5  -2  -1   0   0   0   0   0   0   0  +1.175946211051e-04  2X3.455
2   2   5  -2  -1   1   0   0   0   0   0   0  +5.009947809825e-05  2X3.465
3   2   5  -2   0   0   0   0   0   0   0   0  +8.882741402635e-06  2X3.555
3   2   5  -2   0   1   0   0   0   0   0   0  +5.466326016063e-06  2X3.565
2   2   5  -2   1   0   0   0   0   0   0   0  +4.244540395773e-05  2X3.655
2   2   5  -2   1   1   0   0   0   0   0   0  +3.687879528015e-05  2X3.665
2   2   5  -2   1   2   0   0   0   0   0   0  +1.182905623102e-05  2X3.675
2   2   5   0  -3   0   0   0   0   0   0   0  +2.922472113962e-05  2X5.255
2   2   5   0  -3   1   0   0   0   0   0   0  +1.252489510687e-05  2X5.265
3   2   5   0  -2   0   0   0   0   0   0   0  +6.149578394604e-06  2X5.355
2   2   5   0  -1   0   0   0   0   0   0   0  +2.240560760197e-04  2X5.455
2   2   5   0  -1   1   0   0   0   0   0   0  +1.941355160042e-04  2X5.465
2   2   5   0  -1   2   0   0   0   0   0   0  +6.332021208098e-05  2X5.475
3   2   5   0   0   0   0   0   0   0   0   0  +6.832881937767e-06  2X5.555
2   2   5   0  -1   3   0   0   0   0   0   0  +9.045751892229e-06  2X5.485
3   2   5   0   0   1   0   0   0   0   0   0  +7.516185480931e-06  2X5.565
2   2   6  -4   0   0   0   0   0   0   0   0  +1.113321735517e-05  2E1.555
2   2   6  -2  -2   0   0   0   0   0   0   0  +1.391652169396e-05  2E3.355
2   2   6  -2  -2   1   0   0   0   0   0   0  +6.262447553437e-06  2E3.365
2   2   6  -2   0   0   0   0   0   0   0   0  +3.618295640429e-05  2E3.555
2   2   6  -2   0   1   0   0   0   0   0   0  +3.131218660256e-05  2E3.565
2   2   6  -2   0   2   0   0   0   0   0   0  +9.741590768082e-06  2E3.575
2   2   6   0  -2   0   0   0   0   0   0   0  +2.992050885085e-05  2E5.355
2   2   6   0  -2   1   0   0   0   0   0   0  +2.574557792498e-05  2E5.365
2   2   6   0  -2   2   0   0   0   0   0   0  +8.349913016375e-06  2E5.375
2   2   7  -2  -1   0   0   0   0   0   0   0  +9.045751892229e-06  2T3.455
2   2   7  -2  -1   1   0   0   0   0   0   0  +7.654074140521e-06  2T3.465
3   3  -4   0   4   0   0   0   0   0   0   0  +6.442086545578e-06  315.955
3   3  -4   2   2   0   0   0   0   0   0   0  +2.254732849184e-05  317.755
3   3  -4   4   0   0   0   0   0   0   0   0  +1.224001048476e-05  319.555
4   3  -3   0   2   0   0   0   0   0   0   0  -4.628505310761e-06  325.755
3   3  -3   0   3   0   0   0   0   0   0   0  +5.089258092285e-05  325.855
4   3  -3   2   0   0   0   0   0   0   0   0  -3.967304884831e-06  327.555
3   3  -3   2   1  -1   0   0   0   0   0   0  -6.442086545578e-06  327.645
3   3  -3   2   1   0   0   0   0   0   0   0  +1.101598897043e-04  327.655
3   3  -3   3   1   0  -1   0   0   0   0   0  +8.374727858639e-06  328.654
3   3  -3   4  -1   0   0   0   0   0   0   0  +2.125895211442e-05  329.455
3   3  -2  -1   2   0   1   0   0   0   0   0  -5.797872774558e-06  334.756
4   3  -2   0   1  -1   0   0   0   0   0   0  -3.306104458900e-06  335.645
4   3  -2   0   1   0   0   0   0   0   0   0  -2.049772485008e-05  335.655
3   3  -2   0   2  -1   0   0   0   0   0   0  -2.061473834340e-05  335.745
3   3  -2   0   2   0   0   0   0   0   0   0  +3.639786317122e-04  335.755
3   3  -2   1   0   0   1   0   0   0   0   0  -5.797872774558e-06  336.556
3   3  -2   1   2   0  -1   0   0   0   0   0  +6.442086545578e-06  336.754
4   3  -2   2  -1   0   0   0   0   0   0   0  -3.967304884831e-06  337.455
3   3  -2   2   0  -1   0   0   0   0   0   0  -2.061473834340e-05  337.545
3   3  -2   2   0   0   0   0   0   0   0   0  +3.652670592543e-04  337.555
3   3  -2   3   0   0  -1   0   0   0   0   0  +2.447996980490e-05  338.554
3   3  -2   4  -2   0   0   0   0   0   0   0  +1.288422425578e-05  339.355
3   3  -1  -2   3   0   0   0   0   0   0   0  -1.095158294272e-05  343.855
3   3  -1  -1   1   0   1   0   0   0   0   0  -2.125895211442e-05  344.656
3   3  -1   0  -1  -2   0   0   0   0   0   0  -7.730514087619e-06  345.435
4   3  -1   0   0  -1   0   0   0   0   0   0  -8.595810195592e-06  345.545
4   3  -1   0   0   0   0   0   0   0   0   0  -5.818712125598e-05  345.555
3   3  -1   0   1  -1   0   0   0   0   0   0  -1.178904037920e-04  345.645
3   3  -1   0   1   0   0   0   0   0   0   0  +2.100124511687e-03  345.655
3   3  -1   1  -1   0   1   0   0   0   0   0  -4.509445232518e-06  346.456
3   3  -1   1   0   0   0   0   0   0   0   0  -1.095158294272e-05  346.555
3   3  -1   1   1   0  -1   0   0   0   0   0  +2.254732849184e-05  346.654
3   3  -1   2  -1  -1   0   0   0   0   0   0  -2.190311472082e-05  347.445
3   3  -1   2  -1   0   0   0   0   0   0   0  +3.923238841432e-04  347.455
3   3  -1   2   1   0   0   0   0   0   0   0  +5.797872774558e-06  347.655
3   3  -1   3  -1   0  -1   0   0   0   0   0  +1.868209703034e-05  348.454
3   3   0  -2   0  -2   0   0   0   0   0   0  -4.509445232518e-06  353.535
3   3   0  -2   2   0   0   0   0   0   0   0  -4.702734946136e-05  353.755
3   3   0  -1   0   0   1   0   0   0   0   0  -3.929678420911e-05  354.556
4   3   0   0  -1   0   0   0   0   0   0   0  +4.628505310761e-06  355.455
3   3   0   0   0  -2   0   0   0   0   0   0  +9.663155400679e-06  355.535
3   3   0   0   0  -1   0   0   0   0   0   0  -4.283996506619e-04  355.545
3   3   0   0   0   0   0   0   0   0   0   0  +7.653858635128e-03  355.555
4   3   0   0   1   0   0   0   0   0   0   0  +1.256311508042e-05  355.655
3   3   0   0   2   0   0   0   0   0   0   0  +1.932631080136e-05  355.755
3   3   0   0   2   1   0   0   0   0   0   0  +8.374727858639e-06  355.765
3   3   0   1   0   0  -1   0   0   0   0   0  +3.543155274762e-05  356.554
3   3   0   2  -2   0   0   0   0   0   0   0  -1.674945571728e-05  357.355
3   3   0   2   0   0   0   0   0   0   0   0  +2.705682488898e-05  357.555
3   3   1  -3   1   0   1   0   0   0   0   0  -5.153659003538e-06  362.656
3   3   1  -2   1  -1   0   0   0   0   0   0  +7.730514087619e-06  363.645
3   3   1  -2   1   0   0   0   0   0   0   0  -1.069388720139e-04  363.655
3   3   1   0  -1  -1   0   0   0   0   0   0  +2.447996980490e-05  365.445
3   3   1   0  -1   0   0   0   0   0   0   0  -4.335533096654e-04  365.455
4   3   1   0   0  -1   0   0   0   0   0   0  -4.628505310761e-06  365.545
4   3   1   0   0   0   0   0   0   0   0   0  +5.091376307687e-05  365.555
4   3   1   0   0   1   0   0   0   0   0   0  +9.257061786146e-06  365.565
3   3   1   0   1  -1   0   0   0   0   0   0  -6.442086545578e-06  365.645
3   3   1   0   1   0   0   0   0   0   0   0  +1.629851119403e-04  365.655
3   3   1   0   1   1   0   0   0   0   0   0  +7.215153303727e-05  365.665
3   3   1   0   1   2   0   0   0   0   0   0  +9.018941629659e-06  365.675
3   3   1   2  -1   0   0   0   0   0   0   0  +3.156627012150e-05  367.455
3   3   1   2  -1   1   0   0   0   0   0   0  +1.481681440422e-05  367.465
3   3   2  -2   0  -1   0   0   0   0   0   0  +1.224001048476e-05  373.545
3   3   2   0   0  -1   0   0   0   0   0   0  -3.736419406068e-05  375.545
3   3   2   0   0   0   0   0   0   0   0   0  +9.972370336075e-04  375.555
3   3   2   0   0   1   0   0   0   0   0   0  +4.374185922915e-04  375.565
3   3   2   0   0   2   0   0   0   0   0   0  +4.767156323238e-05  375.575
3   3   3  -3   0   0   0   0   0   0   0   0  +9.018941629659e-06  382.555
3   3   3  -2   1   0   0   0   0   0   0   0  +1.030736917170e-05  383.655
3   3   3  -2   1   1   0   0   0   0   0   0  +4.509445232518e-06  383.665
3   3   3   0  -1   0   0   0   0   0   0   0  +5.411364977795e-05  385.455
3   3   3   0  -1   1   0   0   0   0   0   0  +2.383575603388e-05  385.465
4   3   3   0   0   0   0   0   0   0   0   0  +7.273409343731e-06  385.555
4   3   3   0   0   1   0   0   0   0   0   0  +4.628505310761e-06  385.565
3   3   4  -2   0   0   0   0   0   0   0   0  +1.159579671374e-05  393.555
3   3   4  -2   0   1   0   0   0   0   0   0  +5.153659003538e-06  393.565
3   3   4   0   0   0   0   0   0   0   0   0  +4.316206683523e-05  395.555
3   3   4   0   0   1   0   0   0   0   0   0  +3.736419406068e-05  395.565
3   3   4   0   0   2   0   0   0   0   0   0  +1.224001048476e-05  395.575
3   3   5   0  -1   0   0   0   0   0   0   0  +7.086300316599e-06  3X5.455
3   3   5   0  -1   1   0   0   0   0   0   0  +6.442086545578e-06  3X5.465
4   4  -2   0   2   0   0   0   0   0   0   0  +7.288400578336e-06  435.755
4   4  -2   2   0   0   0   0   0   0   0   0  +6.681025336037e-06  437.555
4   4  -1   0   1   0   0   0   0   0   0   0  +3.522730357170e-05  445.655
4   4  -1   2  -1   0   0   0   0   0   0   0  +6.681025336037e-06  447.455
4   4   0   0   0  -1   0   0   0   0   0   0  -7.288400578336e-06  455.545
4   4   0   0   0   0   0   0   0   0   0   0  +9.839345897215e-05  455.555
4   4   1   0  -1   0   0   0   0   0   0   0  -8.503151062932e-06  465.455
4   4   1   0   1   0   0   0   0   0   0   0  +4.251575531466e-06  465.655
4   4   2   0   0   0   0   0   0   0   0   0  +1.700625096124e-05  475.555
4   4   2   0   0   1   0   0   0   0   0   0  +7.895775820634e-06  475.565
