36.3 63.4 35.4
36.3 63.4 35.4
36.3 63.4 35.6
36.3 63.4 35.5
36.3 63.4 35.6
36.2 63.4 35.6
36.2 63.3 35.5
36.2 63.4 35.5
36.2 63.3 35.4
36.1 63.3 35.3
36.1 63.3 35.2
36.1 63.3 35.1
36.1 63.3 35.0
36.1 63.2 34.9
36.0 63.2 34.6
36.0 63.2 34.5
36.0 63.2 34.3
35.9 63.2 34.1
35.9 63.2 34.0
35.9 63.2 33.8
35.8 63.2 33.7
35.8 63.1 33.5
35.8 63.2 33.3
35.7 63.1 33.2
35.7 63.1 33.1
35.6 63.1 33.0
35.6 63.1 32.9
35.5 63.1 32.8
35.4 63.0 32.7
35.4 63.0 32.6
35.3 63.0 32.5
35.2 63.0 32.5
35.2 63.0 32.3
35.2 63.0 32.3
35.1 62.9 32.2
35.1 62.9 32.2
35.0 62.9 32.1
35.0 62.9 32.0
34.9 62.9 31.8
34.9 62.9 31.7
34.9 62.9 31.6
34.8 62.9 31.4
34.7 62.8 31.3
34.7 62.8 31.1
34.7 62.8 30.9
34.7 62.8 30.8
34.6 62.8 30.6
34.6 62.8 30.4
34.5 62.7 30.3
34.5 62.7 30.2
34.5 62.7 30.1
34.5 62.7 29.9
34.5 62.7 29.7
34.4 62.7 29.4
34.4 62.7 29.3
34.4 62.7 29.2
34.4 62.7 29.2
34.3 62.7 29.1
34.3 62.6 29.1
34.3 62.6 29.0
34.3 62.6 29.0
34.2 62.6 29.0
34.2 62.6 29.2
34.2 62.6 29.3
34.2 62.6 29.4
34.1 62.5 29.6
34.1 62.5 29.8
34.1 62.5 29.9
34.1 62.5 30.0
34.1 62.5 30.0
34.0 62.5 30.0
34.0 62.4 29.9
34.0 62.5 29.9
34.0 62.4 29.9
34.0 62.4 29.8
34.0 62.4 29.7
34.0 62.4 29.7
33.9 62.4 29.6
33.9 62.4 29.5
33.9 62.4 29.4
33.9 62.4 29.2
33.9 62.4 29.4
33.9 62.3 29.2
33.9 62.3 29.2
33.8 62.3 29.1
33.8 62.3 29.0
33.8 62.3 28.9
33.8 62.2 28.8
33.7 62.2 28.7
33.7 62.2 28.7
33.7 62.2 28.6
33.7 62.2 28.5
33.7 62.2 28.4
33.7 62.2 28.3
33.7 62.2 28.2
33.7 62.2 28.1
33.6 62.2 28.1
33.6 62.2 27.9
33.6 62.1 27.9
33.6 62.1 27.8
33.5 62.1 27.7
33.5 62.1 27.6
33.5 62.1 27.5
33.5 62.1 27.4
33.5 62.1 27.2
33.5 62.0 27.1
33.5 62.0 27.0
33.4 62.0 26.8
33.4 62.0 26.8
33.4 62.0 26.7
33.4 61.9 26.6
33.3 61.9 26.5
33.3 61.9 26.3
33.3 61.9 26.2
33.3 61.9 26.1
33.2 61.9 26.0
33.2 61.9 25.9
33.2 61.9 25.6
33.2 61.9 25.4
33.2 61.9 25.1
33.1 61.9 25.0
33.1 61.8 24.9
33.0 61.8 24.8
33.0 61.8 24.8
33.0 61.8 24.8
32.9 61.8 25.0
32.9 61.8 25.0
32.8 61.7 25.1
32.8 61.7 25.3
32.8 61.7 25.4
32.7 61.7 25.6
32.7 61.7 25.6
32.7 61.7 25.9
32.6 61.6 25.9
32.6 61.6 26.0
32.5 61.6 26.1
32.5 61.6 26.2
32.5 61.6 26.2
32.4 61.6 26.2
32.4 61.6 26.2
32.3 61.6 26.3
32.3 61.6 26.2
32.3 61.5 26.2
32.2 61.5 26.1
32.2 61.6 26.0
32.1 61.5 25.9
32.1 61.5 25.9
32.0 61.5 25.8
32.0 61.4 25.7
31.9 61.4 25.7
31.9 61.4 25.7
31.8 61.4 25.6
31.8 61.4 25.6
31.8 61.4 25.6
31.8 61.4 25.6
31.7 61.4 25.6
31.7 61.3 25.6
31.6 61.3 25.6
31.6 61.3 25.6
31.5 61.3 25.6
31.5 61.3 25.6
31.5 61.3 25.6
31.4 61.2 25.6
31.3 61.2 25.7
31.3 61.2 25.6
31.3 61.2 25.6
31.3 61.1 25.6
31.2 61.1 25.6
31.2 61.2 25.6
31.1 61.1 25.7
31.1 61.1 25.6
31.0 61.1 25.6
31.0 61.1 25.6
31.0 61.1 25.6
30.9 61.1 25.6
30.9 61.1 25.6
30.8 61.0 25.6
30.8 61.0 25.6
30.8 61.0 25.6
30.7 61.0 25.6
30.7 61.0 25.6
30.7 60.9 25.6
30.6 60.9 25.5
30.6 60.9 25.5
30.6 60.9 25.4
30.5 60.9 25.4
30.4 60.9 25.4
30.4 60.9 25.4
30.4 60.8 25.4
30.3 60.8 25.4
30.3 60.8 25.4
30.2 60.8 25.5
30.2 60.8 25.6
30.1 60.7 25.6
30.1 60.7 25.8
30.1 60.7 25.9
30.0 60.7 26.0
30.0 60.7 26.1
30.0 60.6 26.2
29.9 60.6 26.2
29.9 60.6 26.3
29.9 60.6 26.3
29.8 60.6 26.3
29.8 60.6 26.3
29.7 60.6 26.3
29.7 60.5 26.3
29.6 60.5 26.3
29.6 60.5 26.3
29.6 60.5 26.2
29.5 60.5 26.2
29.5 60.4 26.2
29.4 60.4 26.2
29.4 60.4 26.2
29.3 60.4 26.2
29.3 60.4 26.2
29.2 60.4 26.1
29.2 60.3 26.1
29.2 60.3 26.1
29.1 60.3 26.1
29.1 60.3 26.0
29.0 60.3 26.0
29.0 60.2 26.0
28.9 60.2 26.1
28.9 60.2 26.0
28.8 60.2 26.0
28.8 60.2 26.0
28.7 60.2 26.0
28.7 60.1 25.9
28.7 60.1 25.9
28.6 60.1 25.9
28.6 60.1 25.9
28.5 60.0 25.9
28.4 60.0 25.8
28.4 60.0 25.8
28.3 60.0 25.7
28.3 60.0 25.7
28.2 60.0 25.6
28.1 59.9 25.6
28.1 59.9 25.4
28.1 59.9 25.3
28.0 59.9 25.2
27.9 59.9 25.2
27.9 59.8 25.1
27.8 59.8 25.2
27.8 59.8 25.2
27.8 59.7 25.2
27.7 59.7 25.3
27.6 59.7 25.3
27.6 59.7 25.4
27.5 59.7 25.5
27.5 59.7 25.6
27.4 59.7 25.7
27.4 59.6 25.9
27.3 59.6 26.0
27.3 59.6 26.0
27.3 59.5 26.2
27.2 59.5 26.2
27.2 59.5 26.2
27.2 59.5 26.3
27.1 59.5 26.3
27.1 59.4 26.3
27.1 59.4 26.3
27.1 59.4 26.3
27.1 59.4 26.3
27.0 59.4 26.3
27.0 59.3 26.3
27.0 59.3 26.3
27.0 59.3 26.3
27.0 59.3 26.3
26.9 59.2 26.3
26.9 59.2 26.3
26.8 59.2 26.2
26.8 59.2 26.2
26.8 59.2 26.2
26.8 59.2 26.2
26.8 59.1 26.2
26.8 59.1 26.1
26.8 59.1 26.1
26.7 59.0 26.1
26.8 59.0 26.0
26.7 59.0 26.0
26.7 58.9 26.0
26.7 58.9 26.0
26.7 58.9 26.0
26.7 58.9 25.9
26.7 58.9 25.9
26.7 58.9 25.8
26.7 58.8 25.8
26.6 58.8 25.7
26.7 58.8 25.7
26.6 58.8 25.6
26.6 58.7 25.6
26.6 58.7 25.4
26.6 58.7 25.4
26.6 58.7 25.3
26.6 58.7 25.3
26.6 58.6 25.2
26.5 58.6 25.2
26.5 58.6 25.2
26.5 58.5 25.3
26.5 58.5 25.3
26.5 58.5 25.4
26.5 58.5 25.4
26.5 58.5 25.5
26.5 58.4 25.6
26.5 58.4 25.7
26.5 58.4 25.8
26.5 58.4 25.9
26.5 58.3 25.9
26.5 58.3 26.0
26.5 58.3 26.0
26.5 58.2 26.0
26.4 58.2 26.1
26.5 58.2 26.1
26.5 58.2 26.1
26.5 58.2 26.1
26.5 58.1 26.1
26.5 58.1 26.1
26.5 58.1 26.1
26.4 58.0 26.0
26.4 58.0 26.0
26.5 58.0 26.0
26.4 58.0 26.0
26.4 57.9 26.0
26.4 57.9 25.9
26.4 57.9 25.9
26.4 57.9 25.9
26.4 57.8 25.9
26.5 57.8 25.9
26.4 57.8 25.8
26.4 57.8 25.8
26.4 57.7 25.8
26.4 57.7 25.8
26.4 57.7 25.7
26.4 57.7 25.7
26.4 57.6 25.7
26.4 57.6 25.7
26.3 57.6 25.7
26.4 57.5 25.7
26.3 57.5 25.7
26.3 57.5 25.6
26.3 57.5 25.6
26.3 57.5 25.6
26.3 57.4 25.6
26.3 57.4 25.6
26.3 57.4 25.5
26.3 57.4 25.5
26.3 57.3 25.5
26.3 57.3 25.5
26.3 57.3 25.4
26.3 57.3 25.4
26.3 57.2 25.4
26.2 57.2 25.4
26.3 57.1 25.4
26.2 57.1 25.4
26.2 57.1 25.4
26.2 57.1 25.4
26.2 57.0 25.4
26.2 57.0 25.5
26.2 57.0 25.5
26.2 57.0 25.5
26.2 56.9 25.5
26.2 56.9 25.5
26.2 56.9 25.5
26.2 56.8 25.6
26.2 56.9 25.6
26.2 56.8 25.6
26.2 56.8 25.6
26.2 56.8 25.6
26.2 56.7 25.6
26.2 56.7 25.5
26.2 56.7 25.4
26.2 56.6 25.2
26.2 56.6 25.2
26.2 56.6 25.1
26.2 56.6 25.1
26.1 56.6 25.0
26.1 56.5 25.0
26.1 56.5 24.9
26.1 56.4 24.8
26.1 56.4 24.7
26.1 56.4 24.6
26.1 56.3 24.5
26.1 56.3 24.4
26.1 56.3 24.3
26.1 56.3 24.3
26.1 56.2 24.2
26.1 56.2 24.2
26.1 56.2 24.1
26.1 56.2 24.0
26.1 56.1 24.0
26.1 56.1 23.9
26.1 56.1 23.8
26.1 56.1 23.8
26.1 56.0 23.7
26.1 55.9 23.7
26.1 55.8 23.7
26.1 55.4 23.6
26.1 55.0 23.6
26.1 54.6 23.6
26.1 54.5 23.6
26.1 54.5 23.6
26.1 54.7 23.6
26.1 54.9 23.6
26.0 55.1 23.6
26.1 55.4 23.6
26.0 55.6 23.6
26.0 55.9 23.6
26.0 56.2 23.6
26.1 56.5 23.6
26.0 56.7 23.6
26.0 56.9 23.6
26.0 57.2 23.6
26.0 57.4 23.5
26.0 57.6 23.5
26.0 57.8 23.5
26.0 58.1 23.6
26.0 58.3 23.5
26.0 58.5 23.6
26.0 58.8 23.6
26.0 59.0 23.6
26.0 59.3 23.6
26.0 59.6 23.6
26.0 59.8 23.6
26.0 60.0 23.6
26.0 60.3 23.7
25.9 60.6 23.6
26.0 60.8 23.6
26.0 61.0 23.6
26.0 61.1 23.6
26.0 61.1 23.6
26.0 61.2 23.5
26.0 61.3 23.5
26.0 61.5 23.4
26.0 61.7 23.3
26.0 61.9 22.9
26.0 62.1 22.6
26.0 62.2 22.4
25.9 62.4 22.2
25.9 62.7 22.1
25.9 62.8 22.0
26.0 63.0 21.9
25.9 63.2 21.9
25.9 63.4 21.8
25.9 63.6 21.8
25.9 63.7 21.6
25.9 63.7 21.6
25.9 63.7 22.5
25.9 63.8 23.4
25.9 63.7 23.3
25.9 63.7 22.3
25.9 63.7 21.3
25.9 63.7 20.6
25.9 63.7 20.2
25.9 63.7 20.0
25.9 63.7 19.9
25.9 63.7 19.9
25.9 63.7 20.0
25.9 63.7 20.2
25.9 63.8 20.4
25.9 63.8 20.7
25.9 63.8 21.2
25.9 63.9 21.8
25.9 64.0 22.4
25.8 64.0 23.1
25.8 64.0 23.7
25.8 64.0 24.2
25.8 64.0 24.6
25.8 64.0 25.0
25.8 64.0 25.5
25.8 64.0 25.9
25.8 63.9 26.2
25.8 63.9 26.2
25.8 63.9 26.3
25.8 63.9 26.5
25.8 64.0 26.7
25.7 63.9 27.1
25.7 63.9 27.4
25.7 63.9 27.8
25.7 63.9 28.3
25.7 63.9 28.6
25.7 63.9 28.9
25.7 63.9 29.2
25.7 63.9 29.5
25.7 63.9 29.6
25.7 63.8 29.7
25.7 63.9 29.7
25.7 63.9 29.7
25.7 63.8 29.7
25.7 63.8 28.8
25.8 63.8 28.3
25.8 63.8 28.0
25.8 63.8 27.8
25.8 63.8 27.6
25.8 63.8 27.6
25.8 63.8 27.4
25.8 63.8 27.3
25.8 63.8 27.1
25.8 63.8 26.7
25.8 63.8 26.4
25.8 63.8 26.1
25.8 63.7 25.9
25.8 63.8 25.7
25.8 63.8 25.6
25.8 63.8 25.6
25.8 63.7 25.5
25.8 63.7 25.5
25.8 63.7 25.5
25.8 63.7 25.6
25.7 63.7 25.7
25.8 63.7 25.9
25.8 63.7 26.1
25.7 63.7 26.3
25.7 63.7 26.3
25.7 63.7 26.5
25.7 63.7 26.3
25.7 63.7 26.5
25.7 63.7 26.6
25.7 63.7 26.7
25.7 63.7 26.8
25.6 63.7 27.0
25.6 63.7 27.1
25.5 63.7 27.1
25.4 63.6 27.6
25.3 63.7 27.8
25.3 63.6 28.0
25.2 63.7 28.2
25.2 63.6 28.2
25.2 63.6 28.8
25.1 63.6 29.0
25.1 63.6 29.4
25.1 63.6 29.7
25.1 63.6 30.0
25.1 63.6 29.8
25.1 63.6 29.7
25.1 63.6 29.5
25.1 63.6 29.6
25.1 63.6 29.8
25.1 63.6 30.0
25.1 63.5 30.3
25.1 63.5 30.8
25.2 63.5 31.3
25.2 63.5 31.5
25.2 63.5 31.6
25.2 63.5 31.5
25.2 63.5 31.2
25.3 63.5 30.7
25.3 63.5 30.7
25.3 63.5 29.7
25.3 63.4 23.0
25.3 63.5 19.8
25.3 63.4 20.8
25.3 63.4 23.7
25.3 63.4 26.6
25.3 63.4 29.9
25.3 63.4 32.8
25.3 63.4 35.2
25.3 63.4 37.3
25.3 63.4 38.5
25.3 63.4 39.3
25.4 63.4 39.7
25.4 63.4 40.1
25.5 63.4 39.8
25.6 63.4 39.3
25.6 63.3 38.9
25.8 63.3 38.8
25.9 63.3 38.9
26.1 63.3 39.2
26.2 63.4 39.7
26.4 63.3 40.0
26.7 63.3 40.1
26.8 63.3 39.6
27.0 63.3 38.8
27.2 63.2 37.3
27.4 63.3 35.4
27.6 63.2 32.9
27.6 63.2 31.1
27.7 63.2 30.8
27.7 63.2 30.9
27.7 63.2 31.2
27.7 63.2 31.4
27.7 63.2 31.6
27.6 63.2 31.7
27.6 63.2 31.8
27.6 63.2 31.9
27.6 63.2 31.8
27.6 63.2 31.6
27.6 63.2 31.2
27.6 63.2 30.7
27.6 63.2 30.2
27.6 63.1 29.9
27.6 63.1 29.6
27.6 63.1 29.4
27.6 63.1 29.3
27.6 63.1 29.2
27.6 63.1 29.0
27.6 63.1 28.7
27.6 63.1 28.4
27.6 63.1 28.0
27.6 63.1 27.6
27.6 63.1 27.3
27.6 63.0 27.3
27.6 63.0 27.6
27.6 63.0 27.4
27.5 63.0 27.0
27.5 63.0 26.6
27.5 63.0 26.3
27.5 63.0 26.3
27.5 62.9 26.5
27.5 62.9 27.1
27.5 62.9 28.1
27.5 62.9 29.3
27.4 63.0 30.6
27.4 63.1 31.8
27.4 63.1 32.1
27.4 63.1 33.0
27.5 63.2 33.9
27.5 63.2 34.7
27.5 63.1 35.3
27.5 63.1 35.2
27.6 63.1 35.1
27.6 63.1 35.1
27.6 63.1 35.2
27.7 63.1 35.5
27.8 63.1 35.7
27.8 63.1 36.1
27.9 63.1 36.4
28.0 63.1 37.0
28.0 63.0 37.6
28.1 63.1 38.2
28.2 63.0 38.9
28.3 63.1 39.5
28.4 63.0 39.9
28.5 63.0 40.3
28.6 63.0 40.3
28.7 63.0 40.8
28.8 63.0 40.8
28.9 62.9 40.6
29.0 63.0 40.5
29.2 63.0 40.4
29.3 63.0 40.0
29.4 62.9 39.8
29.5 62.9 39.5
29.5 62.9 39.2
29.6 62.9 38.9
29.7 62.9 38.6
29.7 62.9 38.3
29.8 62.9 37.9
29.9 62.9 37.5
29.9 62.9 37.1
29.9 62.9 36.8
30.0 62.9 36.6
30.0 62.9 36.3
30.0 62.9 36.1
30.0 62.9 35.8
30.0 62.9 35.4
30.0 62.9 35.1
30.0 62.9 34.7
30.0 62.9 34.4
30.0 62.9 34.0
30.0 62.9 33.7
30.0 62.8 33.4
30.0 62.8 33.1
30.0 62.8 32.8
30.0 62.8 32.6
30.0 62.8 32.4
30.0 62.8 32.2
30.0 62.8 32.1
30.0 62.8 31.9
29.9 62.8 31.7
30.0 62.8 31.6
29.9 62.8 31.5
29.9 62.7 31.4
29.9 62.8 31.3
29.9 62.8 31.2
29.9 62.8 31.0
29.9 62.7 30.8
29.9 62.7 30.5
29.9 62.7 30.2
29.9 62.7 30.0
30.0 62.7 29.8
29.9 62.7 29.6
29.9 62.7 29.3
29.9 62.7 28.9
29.9 62.7 28.6
29.9 62.7 28.1
29.9 62.7 27.8
29.9 62.7 27.4
29.9 62.7 27.0
29.9 62.7 26.7
29.9 62.7 26.4
29.9 62.7 26.2
29.9 62.7 26.1
29.9 62.6 26.0
29.9 62.6 26.0
29.9 62.6 26.0
29.9 62.7 26.1
29.9 62.7 26.1
29.8 62.6 26.1
29.9 62.6 26.1
29.8 62.6 26.2
29.8 62.6 26.3
29.8 62.6 26.3
29.8 62.6 26.5
29.8 62.6 26.6
29.8 62.5 26.7
29.8 62.6 26.8
29.8 62.5 26.9
29.8 62.5 26.8
29.8 62.5 27.0
29.8 62.5 27.3
29.8 62.6 27.2
29.8 62.5 27.4
29.8 62.5 27.5
29.8 62.5 27.6
29.8 62.5 27.8
29.8 62.5 27.9
29.7 62.5 28.0
29.7 62.5 28.1
29.7 62.5 28.3
29.8 62.4 28.4
29.7 62.4 28.5
29.8 62.4 28.6
29.7 62.4 28.7
29.7 62.4 28.7
29.7 62.4 28.7
29.7 62.4 28.7
29.7 62.4 28.7
29.7 62.4 28.7
29.7 62.4 28.7
29.7 62.4 28.6
29.7 62.4 28.6
29.7 62.4 28.6
29.7 62.4 28.6
29.7 62.4 28.6
29.7 62.4 28.6
29.6 62.3 28.6
29.6 62.3 28.6
29.7 62.3 28.6
29.6 62.3 28.5
29.6 62.3 28.5
29.6 62.3 28.6
29.6 62.3 28.5
29.5 62.3 28.6
29.5 62.3 28.7
29.5 62.3 28.8
29.5 62.3 28.7
29.5 62.2 28.8
29.4 62.2 28.9
29.4 62.2 28.9
29.4 62.2 28.9
29.4 62.2 29.0
29.4 62.2 29.5
29.3 62.2 29.9
29.2 62.2 30.2
29.3 62.2 30.5
29.2 62.2 30.5
29.2 62.2 30.5
29.2 62.2 30.6
29.1 62.2 30.7
29.1 62.2 30.9
29.0 62.1 31.0
28.9 62.1 30.8
28.9 62.1 31.5
28.7 62.1 31.5
28.6 62.1 31.6
28.5 62.1 31.8
28.3 62.1 32.1
28.1 62.0 32.2
27.9 62.0 32.2
27.7 62.0 32.2
27.5 62.0 32.1
27.2 62.0 32.2
27.0 62.0 32.2
26.7 62.0 32.2
26.5 61.9 32.1
26.3 61.9 32.0
26.1 61.9 31.9
26.0 61.9 31.8
25.9 61.9 31.7
25.9 61.9 31.5
25.8 61.9 31.1
25.7 61.8 31.2
25.7 61.9 31.3
25.7 61.9 31.3
25.7 61.9 31.2
25.7 61.8 31.1
25.7 61.8 30.7
25.7 61.8 30.8
25.7 61.8 30.5
25.7 61.8 30.3
25.7 61.8 30.2
25.7 61.7 30.2
25.7 61.7 30.3
25.7 61.8 30.5
25.7 61.7 30.7
25.7 61.7 31.0
25.7 61.7 31.3
25.7 61.7 31.6