Data for Z=14, E=0.001-433 keV
                   µ 
    E           Total
   keV            cm-1
5.108469E-03  1.2543E+06
5.184715E-03  1.3058E+06
1.069000E-02  1.6087E+05
1.113003E-02  1.2799E+05
1.130038E-02  1.1755E+05
1.134581E-02  1.1496E+05
1.141396E-02  1.1477E+05
1.142761E-02  1.1404E+05
1.158431E-02  1.0610E+05
1.221612E-02  8.0803E+04
1.305903E-02  5.8814E+04
1.396010E-02  4.4291E+04
1.492335E-02  3.4707E+04
1.595306E-02  2.8411E+04
1.705382E-02  2.4330E+04
1.823053E-02  2.1764E+04
1.948844E-02  2.0251E+04
2.083314E-02  1.9477E+04
2.227063E-02  1.9236E+04
2.380730E-02  1.9359E+04
2.545001E-02  1.9715E+04
2.720606E-02  2.0201E+04
2.908327E-02  2.0738E+04
3.109002E-02  2.1261E+04
3.323523E-02  2.1721E+04
3.552846E-02  2.2078E+04
3.797993E-02  2.2307E+04
4.060054E-02  2.2392E+04
4.340198E-02  2.2326E+04
4.639671E-02  2.2108E+04
4.959809E-02  2.1728E+04
5.302035E-02  2.1201E+04
5.667876E-02  2.0549E+04
6.058959E-02  1.9794E+04
6.477028E-02  1.8959E+04
6.923942E-02  1.8064E+04
7.401695E-02  1.7129E+04
7.912411E-02  1.6169E+04
8.458368E-02  1.5200E+04
9.041995E-02  1.4234E+04
9.665893E-02  1.3236E+04
9.721600E-02  1.3134E+04
9.870400E-02  1.2867E+04
9.910080E-02  1.2796E+04
9.969600E-02  2.5126E+05
1.011840E-01  2.5253E+05
1.033284E-01  2.5434E+05
1.104581E-01  2.6019E+05
1.180797E-01  2.6116E+05
1.262272E-01  2.5529E+05
1.349368E-01  2.4390E+05
1.442475E-01  2.2845E+05
1.457260E-01  2.2582E+05
1.479565E-01  2.2180E+05
1.485513E-01  2.2072E+05
1.494435E-01  2.4209E+05
1.516740E-01  2.3785E+05
1.542005E-01  2.3304E+05
1.648404E-01  2.1295E+05
1.762144E-01  1.9239E+05
1.883732E-01  1.7208E+05
2.013709E-01  1.5262E+05
2.152655E-01  1.3441E+05
2.301188E-01  1.1764E+05
2.459970E-01  1.0244E+05
2.629708E-01  8.8833E+04
2.811158E-01  7.6750E+04
3.005128E-01  6.6108E+04
3.212482E-01  5.6791E+04
3.434143E-01  4.8676E+04
3.671099E-01  4.1635E+04
3.924405E-01  3.5549E+04
4.195189E-01  3.0302E+04
4.484657E-01  2.5782E+04
4.794098E-01  2.1901E+04
5.124891E-01  1.8579E+04
5.478508E-01  1.5741E+04
5.856525E-01  1.3322E+04
6.260625E-01  1.1264E+04
6.692609E-01  9.5150E+03
7.154399E-01  8.0307E+03
7.648052E-01  6.7742E+03
8.175768E-01  5.7114E+03
8.739896E-01  4.8145E+03
9.342948E-01  4.0579E+03
9.987612E-01  3.4206E+03
1.067676E+00  2.8422E+03
1.141345E+00  2.3632E+03
1.220098E+00  1.9669E+03
1.304285E+00  1.6387E+03
1.394281E+00  1.3666E+03
1.490486E+00  1.1410E+03
1.593329E+00  9.5352E+02
1.703269E+00  7.9773E+02
1.802122E+00  6.8660E+02
1.820795E+00  6.6811E+02
1.829705E+00  6.5951E+02
1.837061E+00  6.5255E+02
1.848094E+00  7.6827E+03
1.875678E+00  7.4743E+03
1.946430E+00  6.9514E+03
2.080733E+00  5.8993E+03
2.224304E+00  4.9453E+03
2.377781E+00  4.1308E+03
2.541848E+00  3.4679E+03
2.717235E+00  2.9162E+03
2.904724E+00  2.4527E+03
3.105150E+00  2.0554E+03
3.319406E+00  1.7175E+03
3.548445E+00  1.4354E+03
3.793288E+00  1.1949E+03
4.055024E+00  9.9011E+02
4.334821E+00  8.2049E+02
4.633924E+00  6.8002E+02
4.953664E+00  5.6369E+02
5.295467E+00  4.6729E+02
5.660855E+00  3.8744E+02
6.051453E+00  3.2127E+02
6.469004E+00  2.6648E+02
6.915365E+00  2.2105E+02
7.392525E+00  1.8341E+02
7.902609E+00  1.5221E+02
8.447890E+00  1.2565E+02
9.030794E+00  1.0350E+02
9.653919E+00  8.4770E+01
1.032004E+01  6.9456E+01
1.103212E+01  5.6935E+01
1.179334E+01  4.6699E+01
1.260708E+01  3.8324E+01
1.347697E+01  3.1473E+01
1.440688E+01  2.5868E+01
1.540095E+01  2.1280E+01
1.646362E+01  1.7525E+01
1.759961E+01  1.4450E+01
1.881398E+01  1.1932E+01
2.011215E+01  9.8679E+00
2.149988E+01  8.1768E+00
2.298338E+01  6.7902E+00
2.456923E+01  5.6527E+00
2.626450E+01  4.7193E+00
2.807676E+01  3.9368E+00
3.001405E+01  3.2925E+00
3.208502E+01  2.7666E+00
3.429889E+01  2.3369E+00
3.666551E+01  1.9853E+00
3.919543E+01  1.6975E+00
4.189992E+01  1.4576E+00
4.479101E+01  1.2614E+00
4.788159E+01  1.1009E+00
5.118542E+01  9.6932E-01
5.471721E+01  8.6116E-01
5.849270E+01  7.7205E-01
6.252870E+01  6.9839E-01
6.684318E+01  6.3733E-01
7.145536E+01  5.8650E-01
7.638578E+01  5.4397E-01
8.165640E+01  5.0815E-01
8.729069E+01  4.7780E-01
9.331374E+01  4.5189E-01
9.975239E+01  4.2962E-01
1.066353E+02  4.1027E-01
1.139931E+02  3.9329E-01
1.218587E+02  3.7825E-01
1.302669E+02  3.6477E-01
1.392553E+02  3.5259E-01
1.488640E+02  3.4143E-01
1.591356E+02  3.3111E-01
1.701159E+02  3.2146E-01
1.818539E+02  3.1236E-01
1.944018E+02  3.0376E-01
2.078156E+02  2.9550E-01
2.221548E+02  2.8754E-01
2.374835E+02  2.7984E-01
2.538699E+02  2.7234E-01
2.713869E+02  2.6506E-01
2.901126E+02  2.5791E-01
3.101304E+02  2.5088E-01
3.315294E+02  2.4402E-01
3.544049E+02  2.3724E-01
3.788588E+02  2.3058E-01
4.050001E+02  2.2402E-01
4.329451E+02  2.1756E-01