0.189818 373.823541 242.722159 239.882741
0.196645 330.483457 200.862943 202.414457
0.203363 304.096658 208.750542 173.027858
0.209980 286.598286 184.799614 159.837586
0.216501 253.339556 144.238544 138.470656
0.222934 233.564845 125.514855 125.647145
0.229283 248.530005 79.257395 146.655005
0.235554 214.824233 75.156067 121.934643
0.241751 201.241352 86.272048 107.997382
0.247878 182.636580 78.219120 95.966440
0.253940 191.078710 45.337190 111.111520
0.259938 182.385290 39.915810 106.253930
0.265878 165.653665 31.785535 96.495555
0.271762 142.131887 47.282513 75.365867
0.277593 130.174274 39.746326 69.321254
0.283373 123.167749 31.231551 67.601749
0.289105 115.736318 31.750582 62.227938
0.294791 104.339391 28.958009 55.709961
0.300433 99.428644 26.319656 54.029804
0.306034 91.475323 24.361577 49.467203
0.311595 87.645058 26.161242 46.540998
0.317118 79.347915 22.997185 42.684915
0.322604 73.834631 22.016559 39.875051
0.328056 69.281228 22.369602 37.172338
0.333475 64.409791 19.439219 35.152091
0.338862 60.516012 17.410108 33.256692
0.344218 54.573536 18.051104 29.279246
0.349546 52.686681 16.359509 28.791101
0.354846 47.136697 17.391873 24.734547
0.360119 45.303466 16.024924 24.020606
0.365367 42.336854 16.085176 22.150654
0.370590 40.085201 13.827569 21.376311
0.375791 36.577019 13.437541 19.356009
0.380969 35.216866 12.555314 18.740176
0.386125 31.850721 9.569989 17.475371
0.391261 31.204286 8.538184 17.310966
0.396378 28.919621 8.638989 15.782241
0.401477 28.292551 8.012709 15.547771
0.406557 26.728109 8.351751 14.412819
0.411620 24.854149 8.076061 13.204399
0.416668 23.515593 6.755737 12.705783
0.421700 19.915117 9.229993 9.453837
0.426717 19.286633 8.828497 9.203933
0.431720 19.222541 9.498089 8.815331
0.436709 17.944678 8.449182 8.360471
0.441686 17.473595 8.098725 8.074400
0.446651 16.636903 7.127447 7.880128
0.451605 16.511845 6.910415 7.788729
0.456547 15.766543 6.364797 7.586296
0.461480 15.360106 6.207854 7.330824
0.466402 14.682620 5.571550 7.156382
0.471316 14.820854 6.511836 6.781671
0.476221 13.684212 5.664708 6.379522
0.481118 13.465298 5.567872 6.224655
0.486007 14.466441 3.590859 7.527068
0.490889 14.242356 3.742614 7.308921
0.495765 13.688248 4.305582 6.777003
0.500634 13.678611 4.182529 6.715576
0.505498 13.449416 4.967204 6.319276
0.510357 13.115255 4.078805 6.392939
0.515211 12.428686 4.109384 5.959134
0.520061 12.462720 3.941910 5.999441
0.524907 11.835637 3.704913 5.737482
0.529749 11.541800 2.963880 5.800778
0.534589 11.550954 4.376816 5.262168
0.539425 11.320508 4.389102 5.053062
0.544260 11.024176 3.750354 5.107289
0.549092 10.920153 3.869467 4.953563
0.553923 10.331006 2.845424 5.080429
0.558753 9.842568 3.126592 4.643241
0.563582 9.828628 2.511692 4.886033
0.568411 9.779401 2.798169 4.715422
0.573240 9.436863 2.274047 4.726578
0.578069 9.544581 2.194679 4.797467
0.582898 9.359985 2.094835 4.741791
0.587729 9.329720 2.535460 4.532171
0.592561 9.179813 2.484037 4.475365
0.597394 8.971353 2.454657 4.353106
0.602229 7.911592 3.300688 3.399841
0.607067 8.499077 2.259373 4.186697
0.611907 7.485520 2.690970 3.399163
0.616750 7.292835 2.635407 3.320889
0.621596 7.384469 2.995611 3.192519
0.626446 7.148795 2.869635 3.090855
0.631299 6.958499 2.868781 2.972636
0.636157 6.718134 2.809256 2.845460
0.641018 6.585895 2.761982 2.770256
0.645885 7.307316 1.822902 3.574292
0.650756 6.309169 2.667854 2.631076
0.655632 6.891882 1.939626 3.282801
0.660514 6.771693 1.900598 3.193800
0.665401 5.711860 2.580303 2.304054
0.670295 6.365266 1.756644 3.002267
0.675194 6.177313 1.652844 2.941041
0.680101 6.066774 1.654398 2.876086
0.685013 5.804071 1.594689 2.749682
0.689933 5.683073 1.627576 2.662379
0.694860 5.292588 1.325133 2.569222
0.699795 5.186305 1.062680 2.599783
0.704737 4.675332 1.667639 2.059883
0.709687 4.751207 1.023939 2.350039
0.714646 4.256688 1.279770 1.959370
0.719613 4.422065 0.883595 2.193516
0.724589 4.217037 0.895564 2.071243
0.729573 4.150569 0.819423 2.041053
0.734567 4.001925 0.863198 1.948332
0.739570 3.921664 0.866077 1.880922
0.744583 3.852468 0.724620 1.901007
0.749606 3.767856 0.709337 1.851412
0.754639 3.573585 0.733283 1.729560
0.759682 3.215696 0.970949 1.417819
0.764735 3.351226 0.707232 1.607913
0.769800 3.243985 0.754920 1.513204
0.774875 2.896184 0.936275 1.237522
0.779962 3.012547 0.684086 1.405405
0.785060 2.854156 0.636427 1.333477
0.790169 2.790993 0.610734 1.301570
0.795291 2.672537 0.559985 1.261720
0.800424 2.655318 0.532217 1.249991
0.805570 2.516837 0.491349 1.192435
0.810728 2.462239 0.483018 1.153303
0.815899 2.343730 0.452474 1.105035
0.821083 2.231003 0.485088 1.024086
0.826280 2.056328 0.597228 0.876472
0.831491 2.011804 0.560309 0.860950
0.836715 1.924660 0.546488 0.820194
0.841952 1.845626 0.534955 0.780360
0.847204 1.774748 0.526835 0.748564
0.852469 1.737366 0.411671 0.781058
0.857749 1.634248 0.418256 0.721477
0.863044 1.564933 0.382150 0.693574
0.868353 1.564112 0.318974 0.720181
0.873677 1.464709 0.346151 0.656681
0.879017 1.418192 0.338783 0.635048
0.884371 1.419873 0.235136 0.685326
0.889741 1.329615 0.198993 0.650997
0.895127 1.252083 0.174995 0.622273
0.900529 1.220060 0.163433 0.608893
0.905947 0.992739 0.310878 0.423189
0.911381 0.953685 0.263253 0.424154
0.916832 0.897822 0.253373 0.401426
0.922300 0.855232 0.237153 0.389913
0.927784 0.811485 0.245373 0.364641
0.933286 0.774080 0.248060 0.349439
0.938804 0.728793 0.245519 0.327096
0.944340 0.662461 0.226246 0.306846
0.949894 0.626070 0.210560 0.293131
0.955466 0.558118 0.182041 0.275173
0.961056 0.533879 0.179984 0.266255
0.966664 0.523785 0.150269 0.283457
0.972290 0.475537 0.153827 0.259090
0.977935 0.419507 0.162580 0.232974
0.983599 0.357938 0.203244 0.196280
0.989282 0.316139 0.195089 0.182486
0.994984 0.320269 0.129528 0.230089
1.000705 0.350560 0.201938 0.255539
