#RESOURCE=yCat_22470025
#Name: J/ApJS/247/25
#Title: The SPTpol Extended Cluster Survey (Bleem+, 2020)
#Table	J_ApJS_247_25_cand:
#Name: J/ApJS/247/25/cand
#Title: Galaxy cluster candidates in the SPTpol Extended Cluster Survey (Tables 8 and 9)
#Column	SPT-CL	(A10)	SPT candidate name (JHHMM+DDMM)	[ucd=meta.id;meta.main]
#Column	Xi	(F5.2)	[4/24] SPT detection significance, {xi} (1)	[ucd=stat.likelihood;obs]
#Column	Thetac	(F5.2)	[0.25/3] Filter scale that maximizes detection significance ({theta}_c_)	[ucd=instr.scale]
#Column	z	(F6.3)	[0.04/1.4]? Redshift for confirmed systems	[ucd=src.redshift]
#Column	e_z	(F6.3)	[0.004/0.2]? z uncertainty	[ucd=stat.error;src.redshift]
#Column	M500c	(F5.2)	[2.8/14.5]? Mass; in 10^+14^h_70_^-1^M_{sun}_ (2)	[ucd=phys.mass]
#Column	E_M500c	(F5.2)	[0.4/1.5]? Plus 1 sigma in M500c	[ucd=stat.error;stat.max]
#Column	e_M500c	(F5.2)	[0.6/1.7]? Minus 1 sigma in M500c	[ucd=stat.error]
#Column	lambda	(I3)	[19/204]? Richness (3) [NULL integer written as an empty string]	[ucd=src.class.richness]
#Column	e_lambda	(I2)	[2/47]? Richness uncertainty [NULL integer written as an empty string]	[ucd=stat.error]
#SPT-CL	Xi	Thetac	z	e_z	M500c	E_M500c	e_M500c	lambda	e_lambda
# 	 	arcmin	 	 	 	 	 	 	
#----------	-----	-----	------	------	-----	-----	-----	---	--
J0000-2518	 5.07	 1.50	      	      	     	     	     	   	
J0005-3751	 6.34	 0.75	 0.483	 0.007	 5.42	 0.89	 0.89	 86	 5
J0005-3443	 5.51	 2.00	 0.114	      	 5.32	 0.90	 1.00	105	 5
J0012-3537	 5.26	 2.25	 0.690	 0.020	 4.38	 0.80	 0.89	 73	 5
J0012-3346	 6.70	 1.00	 0.680	 0.010	 5.37	 0.82	 0.85	101	 6
J0014-3022	18.29	 1.50	 0.307	      	11.39	 1.15	 1.38	   	
J0014-2024	 5.64	 1.00	 0.317	      	 5.62	 0.98	 0.98	   	
J0020-2543	 7.14	 1.50	 0.141	      	 7.04	 0.97	 1.08	101	18
J0028-2649	 7.03	 0.50	 0.750	 0.010	 5.93	 0.84	 0.95	 77	 5
J0035-2015	 8.40	 1.25	 0.352	      	 7.48	 0.95	 1.08	   	
J0042-2831	 8.12	 1.75	 0.109	      	 7.76	 0.96	 1.10	 71	 3
J0042-3809	 6.62	 1.25	 0.220	      	 6.01	 0.87	 0.98	 75	 3
J0043-2037	 8.87	 1.75	 0.292	      	 7.86	 0.96	 1.10	202	35
J0046-3911	 9.17	 0.75	 0.594	 0.007	 6.88	 0.78	 0.94	 98	 4
J0049-2440	 7.44	 0.50	 0.527	 0.006	 6.59	 0.86	 0.98	111	 6
J0055-3739	 5.06	 1.50	      	      	     	     	     	   	
J0059-3137	 5.20	 0.75	      	      	     	     	     	   	
J0101-3109	 5.19	 0.25	      	      	     	     	     	   	
J0101-3840	 6.01	 0.50	 0.258	 0.005	 5.50	 0.95	 0.94	 54	 3
J0105-2439	10.12	 2.00	 0.229	 0.004	 8.70	 1.02	 1.19	123	 9
J0105-3004	 5.01	 1.50	      	      	     	     	     	   	
J0114-2820	 7.07	 0.50	 0.431	 0.010	 6.52	 0.88	 1.00	121	 4
J0118-2658	 6.05	 1.50	 0.228	      	 6.11	 0.94	 1.05	100	 6
J0140-3410	 6.77	 0.50	 0.400	 0.010	 5.84	 0.84	 0.95	 56	 3
J0151-2859	 7.28	 0.25	 0.392	 0.010	 6.72	 0.89	 1.04	140	 5
J0152-2853	 7.58	 0.50	 0.413	      	 6.87	 0.91	 1.02	125	 4
J0152-3524	 6.16	 1.00	 0.940	 0.020	 4.66	 0.72	 0.83	 64	 5
J0159-3413	13.83	 1.50	 0.413	      	 9.34	 0.96	 1.17	136	 5
J0159-3331	 8.19	 1.00	 0.400	 0.010	 5.73	 0.70	 0.85	 90	15
J0200-2454	10.29	 1.00	 0.720	 0.010	 6.66	 0.77	 0.90	142	 5
J0200-3106	 6.92	 0.75	 0.990	 0.030	 4.29	 0.64	 0.70	 71	 6
J0201-2325	 5.12	 0.25	      	      	     	     	     	   	
J0202-3027	 6.46	 0.75	 0.484	 0.007	 4.71	 0.70	 0.80	 92	 4
J0203-2017	 9.24	 0.25	 0.440	 0.009	 6.69	 0.81	 0.92	126	 4
J0204-2904	 5.17	 0.50	      	      	     	     	     	   	
J0205-2834	 7.61	 0.75	 0.880	 0.050	 5.21	 0.70	 0.79	   	
J0206-3424	 5.85	 0.25	 0.630	 0.010	 4.16	 0.72	 0.73	 56	 4
J0214-2724	 5.25	 0.25	 0.810	 0.010	 3.91	 0.77	 0.80	 48	 4
J0216-2609	 6.43	 0.25	 0.790	 0.010	 4.70	 0.72	 0.80	 58	 5
J0217-2749	 6.26	 0.75	 1.000	 0.030	 4.31	 0.67	 0.77	 35	 6
J0217-3200	 5.14	 0.50	 0.354	 0.009	 4.05	 0.72	 0.83	 49	 3
J0218-3142	 8.66	 0.75	 0.275	 0.005	 6.15	 0.71	 0.88	125	 4
J0219-3208	 5.28	 0.25	 0.607	 0.009	 3.85	 0.70	 0.79	 83	12
J0220-2825	 5.14	 0.75	      	      	     	     	     	   	
J0224-3921	 7.05	 0.50	 0.491	 0.008	 5.02	 0.72	 0.79	 39	 3
J0236-3901	 5.38	 0.25	 0.940	 0.020	 3.53	 0.67	 0.70	 48	 6
J0237-2807	 5.94	 0.75	 0.500	 0.007	 4.77	 0.82	 0.81	 92	 4
J0237-3743	 5.09	 0.25	 0.511	 0.007	 3.83	 0.70	 0.81	 79	 3
J0238-2615	 5.15	 2.00	 0.446	 0.009	 4.32	 0.77	 0.88	 62	 4
J0238-3416	 5.60	 1.25	 0.650	 0.040	 3.98	 0.68	 0.78	   	
J0241-3916	 8.84	 0.25	 1.030	 0.080	 5.11	 0.63	 0.72	 56	 6
J0241-2839	 6.61	 1.75	 0.238	      	 5.57	 0.80	 0.91	113	 5
J0241-2805	 7.35	 0.25	 0.340	 0.020	 5.89	 0.79	 0.89	109	19
J0244-3011	 5.33	 0.25	 1.370	 0.030	 3.07	 0.56	 0.65	 20	 3
J0245-2709	 9.35	 0.50	 0.710	 0.010	 6.29	 0.73	 0.86	102	 4
J0246-2033	 7.05	 1.50	 0.317	 0.007	 5.73	 0.79	 0.92	120	10
J0249-3915	 6.99	 0.50	 0.660	 0.010	 4.78	 0.66	 0.76	 63	 4
J0252-2100	 7.85	 0.75	 0.710	 0.020	 5.56	 0.71	 0.83	 94	32
J0253-3818	 5.53	 0.75	 0.440	 0.010	 4.18	 0.77	 0.77	 84	43
J0253-3247	 5.91	 0.25	 0.970	 0.030	 3.82	 0.61	 0.71	 53	 5
J0254-2413	 5.21	 0.25	 0.930	 0.020	 3.76	 0.66	 0.79	 42	 5
J0256-3455	 7.22	 1.00	 0.610	 0.009	 4.95	 0.68	 0.78	100	 6
J0257-2325	12.71	 1.00	 0.505	      	 8.04	 0.88	 1.01	102	 5
J0257-2209	 9.50	 1.00	 0.322	      	 7.03	 0.83	 0.96	 42	 5
J0257-3449	 7.42	 1.25	 0.630	 0.010	 5.01	 0.67	 0.77	 89	 5
J0258-3453	 5.49	 0.75	 0.354	 0.009	 4.28	 0.73	 0.84	 52	 3
J0258-2004	 5.10	 1.25	 0.720	 0.010	 3.91	 0.73	 0.84	116	 5
J0300-3617	 9.53	 0.50	 0.487	 0.007	 6.22	 0.72	 0.85	 63	 3
J0302-2240	 5.67	 0.75	 0.525	 0.007	 4.58	 0.77	 0.85	 55	 4
J0302-2805	 5.98	 1.00	 0.290	 0.020	 5.09	 0.82	 0.88	   	
J0302-3306	 5.38	 0.75	 0.752	      	 3.73	 0.72	 0.76	 85	12
J0304-3656	 7.23	 1.00	 0.219	      	 5.49	 0.74	 0.86	111	 5
J0304-3803	 5.76	 0.50	      	      	     	     	     	   	
J0305-3229	 5.67	 1.00	 0.530	 0.007	 4.17	 0.75	 0.77	 69	 5
J0307-2840	 9.48	 1.25	 0.253	      	 7.15	 0.82	 0.95	102	 4
J0307-3424	 5.41	 1.50	 0.750	 0.010	 3.76	 0.66	 0.76	104	 5
J0309-3209	 6.56	 0.75	 0.535	 0.006	 4.71	 0.69	 0.79	 76	 4
J0312-3510	 5.46	 0.25	 0.760	 0.010	 3.79	 0.66	 0.75	 79	 5
J0315-2718	 8.38	 0.75	 0.628	 0.010	 5.96	 0.77	 0.86	106	 5
J0319-2355	 5.69	 0.50	 0.588	 0.007	 4.50	 0.76	 0.84	113	 5
J0319-2244	 7.83	 1.25	 0.458	 0.008	 5.94	 0.78	 0.89	109	 5
J0319-3345	 5.97	 1.00	 0.410	 0.010	 4.52	 0.73	 0.81	 61	 4
J0319-2853	 5.34	 1.50	 0.355	      	 4.55	 0.82	 0.85	105	16
J0323-2916	 5.10	 1.00	 0.295	 0.006	 4.47	 0.77	 0.92	101	13
J0328-2140	 8.98	 0.25	 0.577	 0.007	 6.35	 0.76	 0.88	 77	 7
J0329-2330	18.86	 0.25	 1.227	      	 8.44	 0.87	 1.01	 61	10
J0330-2500	 5.53	 0.25	 0.930	 0.020	 3.96	 0.68	 0.77	106	10
J0330-2016	 5.29	 0.25	      	      	     	     	     	   	
J0330-2458	 5.36	 0.25	 0.950	 0.020	 3.83	 0.69	 0.78	 45	 5
J0331-3529	 5.55	 1.00	 0.850	 0.010	 3.72	 0.65	 0.73	 60	 5
J0331-2100	 5.88	 0.50	 0.188	      	 5.14	 0.88	 0.88	 56	 4
J0332-2524	 5.69	 0.25	 0.810	 0.010	 4.18	 0.74	 0.84	 58	 4
J0333-3707	 5.07	 0.50	 1.050	 0.040	 3.25	 0.55	 0.70	   	
J0336-2033	 6.73	 1.50	 0.840	 0.010	 4.81	 0.67	 0.79	110	 6
J0336-3929	 8.92	 1.25	 0.400	 0.010	 6.08	 0.71	 0.86	102	 4
J0337-2330	 5.48	 1.00	 0.800	 0.010	 4.10	 0.75	 0.77	 87	 5
J0339-3345	 5.31	 0.25	 0.850	 0.010	 3.60	 0.63	 0.73	 44	 4
J0340-2201	 6.39	 0.50	 0.920	 0.020	 4.48	 0.71	 0.79	 76	 5
J0343-3917	 8.84	 0.75	 0.804	 0.010	 5.42	 0.64	 0.76	 92	 5
J0346-2537	 5.48	 0.75	 0.577	 0.007	 4.38	 0.75	 0.86	 94	 4
J0347-3333	 5.42	 0.75	 0.451	 0.010	 4.10	 0.74	 0.81	 51	 7
J0347-2332	 7.57	 1.50	 0.390	 0.030	 5.92	 0.79	 0.88	   	
J0348-2144	 9.86	 1.25	 0.347	 0.008	 7.16	 0.79	 0.96	191	 6
J0349-2717	 5.85	 0.25	 0.850	 0.010	 4.21	 0.77	 0.78	 91	 6
J0351-3937	 5.32	 1.25	 0.278	 0.006	 4.25	 0.73	 0.83	 72	 5
J0352-2644	 6.36	 0.25	 0.808	 0.010	 4.65	 0.66	 0.78	139	 7
J0352-3858	 5.88	 1.50	 0.229	 0.004	 4.67	 0.80	 0.80	 78	 4
J0354-3745	10.58	 0.75	 0.251	      	 7.01	 0.78	 0.94	 94	 3
J0355-3634	 6.73	 1.25	 0.320	      	 5.08	 0.73	 0.83	 88	 4
J0355-3939	 6.13	 0.75	 0.910	 0.020	 3.99	 0.63	 0.72	 44	 4
J0355-3741	 5.48	 0.75	 0.473	      	 4.11	 0.73	 0.81	 71	 3
J0356-3416	 5.37	 0.50	 0.324	 0.007	 4.22	 0.74	 0.83	 89	 3
J0356-3431	 7.08	 1.00	 0.356	 0.009	 5.22	 0.73	 0.84	 92	 3
J0358-2415	 9.06	 1.00	 0.630	 0.010	 6.31	 0.74	 0.87	 97	17
J0358-2955	16.33	 0.50	 0.425	      	 8.81	 0.88	 1.08	123	 4
J0400-2926	10.85	 0.75	 0.780	 0.010	 6.97	 0.76	 0.91	 96	 5
J0402-2359	 5.98	 0.50	 0.950	 0.020	 4.31	 0.76	 0.75	 35	 5
J0404-2422	 7.06	 0.75	 0.270	 0.005	 5.96	 0.82	 0.93	 97	 6
J0404-3526	 7.08	 1.00	 0.572	 0.007	 5.45	 0.75	 0.85	107	12
J0407-2657	 5.85	 1.25	 0.216	 0.004	 5.23	 0.92	 0.91	 58	 3
J0411-2158	 6.15	 1.00	 0.640	 0.010	 4.84	 0.80	 0.86	 81	 4
J0416-2404	13.84	 0.75	 0.396	      	 8.98	 0.94	 1.12	165	 5
J0425-2230	 6.21	 2.00	 0.760	 0.010	 4.71	 0.80	 0.76	102	 6
J0425-3742	 8.82	 1.00	 0.321	 0.007	 6.78	 0.78	 0.94	 96	 3
J0429-3051	 5.40	 0.50	 0.225	 0.004	 4.80	 0.90	 0.91	 91	 4
J0431-3442	 5.69	 1.25	 0.460	 0.008	 4.73	 0.80	 0.88	 81	 5
J0438-2538	 5.26	 0.50	      	      	     	     	     	   	
J0445-2301	 5.05	 1.50	      	      	     	     	     	   	
J0446-3703	10.64	 0.50	 0.600	 0.007	 7.12	 0.79	 0.94	204	 6
J0454-3736	 5.89	 0.50	 0.509	 0.006	 4.78	 0.82	 0.83	 84	 4
J0454-2016	13.58	 0.50	 0.720	 0.010	 8.16	 0.82	 1.02	111	 5
J0454-2948	 5.08	 0.75	 0.690	 0.020	 4.06	 0.73	 0.87	 51	 4
J0455-3417	 5.24	 0.75	 0.613	 0.009	 4.21	 0.74	 0.86	111	 5
J0455-2225	 5.04	 0.25	      	      	     	     	     	   	
J0500-2038	 6.78	 0.75	 0.770	 0.010	 5.07	 0.74	 0.82	103	 6
J0502-2902	 9.54	 0.75	 0.605	 0.008	 6.74	 0.79	 0.93	 93	 5
J0504-2759	12.30	 0.50	 0.590	 0.007	 7.95	 0.82	 1.01	106	 5
J0505-3219	 5.65	 0.75	 0.145	 0.005	 5.11	 0.89	 0.89	 48	 3
J0509-2833	 7.21	 0.25	 0.750	 0.010	 5.35	 0.73	 0.82	 84	 5
J0512-3604	 5.31	 0.75	 0.518	 0.006	 4.39	 0.77	 0.88	 96	 5
J0512-3848	 7.54	 1.50	 0.326	 0.007	 6.07	 0.87	 0.88	119	 4
J0516-2236	 5.58	 0.50	 0.302	 0.006	 4.91	 0.88	 0.91	 85	 4
J0519-2701	 5.04	 0.25	      	      	     	     	     	   	
J0521-3917	 5.42	 0.25	 0.430	 0.010	 4.54	 0.81	 0.90	 72	 4
J0521-2754	 5.47	 1.50	 0.317	      	 4.82	 0.88	 0.88	100	47
J0525-3035	 6.56	 1.25	 0.199	      	 5.67	 0.81	 0.93	 98	 6
J0528-2942	 6.27	 2.00	 0.157	      	 5.59	 0.90	 0.90	 68	 3
J0528-3927	13.02	 2.25	 0.284	      	 8.75	 0.94	 1.11	111	 7
J0530-2227	 7.26	 1.50	 0.172	 0.004	 6.25	 0.83	 0.96	 90	 4
J0531-2641	 5.77	 0.25	      	      	     	     	     	   	
J0532-3701	14.37	 1.00	 0.275	      	 9.34	 0.96	 1.17	202	 6
J0540-3918	 5.92	 0.25	 0.479	 0.008	 4.84	 0.84	 0.86	 49	 6
J0540-2127	 5.53	 1.25	 0.528	 0.007	 4.60	 0.82	 0.87	 69	 5
J0542-3559	11.63	 0.75	 0.410	 0.010	 7.92	 0.85	 1.03	141	 5
J0543-2941	 6.52	 0.25	 1.190	 0.150	 4.36	 0.65	 0.73	   	
J0543-3620	 5.36	 0.25	 0.840	 0.010	 3.98	 0.73	 0.83	 77	 5
J0544-3949	 8.15	 0.50	 0.518	 0.007	 6.11	 0.77	 0.89	 73	 4
J0545-3237	 5.20	 1.50	 0.420	 0.010	 4.45	 0.77	 0.90	 64	 9
J0547-3152	 9.69	 1.25	 0.148	      	 7.50	 0.85	 1.02	120	 4
J0552-2103	 5.14	 2.75	 0.099	      	 4.85	 0.84	 0.97	 61	24
J0553-3342	20.93	 1.25	 0.410	 0.030	11.33	 1.16	 1.37	   	
J0556-3539	 5.07	 0.25	      	      	     	     	     	   	
J0600-2007	18.81	 1.25	 0.460	 0.030	10.66	 1.09	 1.29	   	
J1000-3016	 7.28	 1.00	 0.210	 0.020	 7.09	 0.94	 1.08	   	
J1000-2037	 5.13	 2.25	 0.570	 0.040	 4.88	 0.87	 1.01	   	
J1023-2715	 8.89	 0.75	 0.253	      	 8.01	 0.96	 1.13	   	
J1039-2502	 6.17	 0.50	 0.830	 0.030	 5.27	 0.88	 0.89	   	
J1042-2847	 6.63	 0.50	 0.720	 0.040	 5.76	 0.91	 0.91	   	
J1101-2244	 5.38	 2.25	 0.142	      	 5.69	 0.98	 1.11	   	
J1105-1954	 5.25	 0.75	 0.510	 0.040	 5.03	 0.98	 0.99	   	
J1115-2550	 5.61	 0.50	 0.520	 0.040	 5.34	 0.94	 0.96	   	
J1131-1955	10.63	 1.50	 0.307	      	 8.89	 0.95	 1.18	   	
J1144-2835	 5.14	 0.50	 0.575	      	 4.86	 0.94	 1.00	   	
J1150-2805	24.00	 1.75	 0.390	 0.050	14.45	 1.47	 1.69	   	
J1153-2137	 5.65	 1.00	 0.460	 0.040	 5.48	 0.91	 1.02	   	
J1154-2609	 6.92	 0.25	 0.340	 0.020	 6.63	 0.88	 1.03	   	
J1157-2143	 5.05	 0.25	      	      	     	     	     	   	
J1159-2258	 5.81	 0.25	 0.700	 0.040	 4.42	 0.77	 0.80	   	
J1200-2002	 7.28	 0.50	 0.670	 0.040	 5.34	 0.73	 0.82	   	
J1203-2131	 8.48	 1.50	 0.199	      	 6.68	 0.82	 0.96	   	
J1210-2218	 5.82	 0.75	 0.260	 0.020	 5.02	 0.81	 0.89	   	
J1213-3013	 5.15	 3.00	      	      	     	     	     	   	
J1221-3010	11.63	 0.75	 0.710	 0.040	 7.23	 0.76	 0.93	   	
J1223-3014	 6.40	 0.25	 0.470	 0.040	 5.10	 0.77	 0.86	   	
J1227-2227	 6.24	 2.25	 0.270	 0.020	 5.28	 0.79	 0.90	   	
J1229-2021	 5.28	 1.75	 0.410	 0.040	 4.40	 0.80	 0.90	   	
J1231-2548	 6.42	 0.75	 0.470	 0.040	 5.12	 0.76	 0.86	   	
J1238-2854	 6.92	 0.25	 0.720	 0.040	 5.06	 0.74	 0.80	   	
J1239-2149	 5.19	 1.50	      	      	     	     	     	   	
J1240-2255	 5.01	 0.50	 0.780	 0.080	 3.81	 0.66	 0.81	   	
J1245-2259	 5.11	 1.00	 1.040	 0.040	 3.55	 0.63	 0.77	   	
J1246-2548	 5.79	 1.50	 0.320	 0.020	 4.91	 0.81	 0.89	   	
J1250-3010	 5.93	 0.50	 0.430	 0.040	 4.83	 0.83	 0.84	   	
J1252-2220	 5.28	 0.25	 1.270	 0.160	 3.41	 0.64	 0.72	   	
J1253-2610	 5.31	 1.00	 0.490	 0.040	 4.32	 0.84	 0.85	   	
J1256-2851	 5.93	 0.75	 0.360	 0.040	 4.95	 0.85	 0.87	   	
J1257-2926	10.20	 0.75	 0.530	 0.040	 6.97	 0.77	 0.92	   	
J1259-1953	 5.85	 0.75	 1.050	 0.050	 3.98	 0.71	 0.72	   	
J1302-2405	 7.64	 0.25	 0.670	 0.040	 5.50	 0.73	 0.84	   	
J1304-2349	 5.31	 3.00	 0.340	 0.020	 4.55	 0.79	 0.90	   	
J1307-2052	 6.22	 0.50	 0.530	 0.040	 4.91	 0.81	 0.82	   	
J1309-2417	 8.06	 0.50	 0.780	 0.050	 5.59	 0.68	 0.82	   	
J1314-2515	15.39	 1.75	 0.247	      	 9.66	 0.97	 1.18	   	
J1315-2117	 6.31	 1.50	 0.610	 0.040	 4.84	 0.78	 0.84	   	
J1315-2806	 8.23	 0.50	 1.390	 0.070	 4.76	 0.61	 0.70	   	
J1323-2442	 5.46	 1.75	 0.300	 0.020	 4.69	 0.84	 0.86	   	
J1325-2014	 6.99	 1.25	 0.192	      	 5.86	 0.85	 0.92	   	
J1333-2318	 5.50	 1.00	 0.126	      	 4.95	 0.88	 0.90	   	
J1335-2046	 6.47	 1.25	 0.510	 0.040	 5.10	 0.82	 0.80	   	
J1336-2820	 5.17	 0.25	      	      	     	     	     	   	
J1342-2442	 6.44	 0.75	 0.810	 0.030	 4.65	 0.74	 0.78	   	
J1342-2757	 5.46	 0.75	 0.650	 0.040	 4.26	 0.75	 0.84	   	
J1347-2052	 5.21	 0.75	 0.970	 0.030	 3.72	 0.64	 0.77	   	
J1354-2011	 6.02	 0.50	 0.340	 0.020	 5.02	 0.78	 0.89	   	
J2205-2955	 7.83	 0.50	 1.310	 0.060	 4.90	 0.65	 0.73	   	
J2211-2155	 5.42	 1.00	 0.440	 0.040	 4.67	 0.84	 0.89	   	
J2215-3537	13.73	 0.25	 1.160	      	 7.57	 0.79	 0.92	   	
J2215-3245	 5.66	 0.25	 0.690	 0.050	 4.62	 0.84	 0.84	   	
J2217-3543	 5.86	 1.25	 0.149	      	 5.48	 0.95	 0.95	   	
J2218-3854	 8.03	 0.50	 0.138	      	 6.99	 0.88	 1.01	   	
J2220-3509	 7.47	 1.00	 0.154	      	 6.61	 0.86	 1.01	   	
J2223-3302	 6.25	 1.00	 0.580	 0.040	 5.19	 0.80	 0.89	   	
J2229-3631	 6.27	 0.75	 0.400	 0.040	 5.45	 0.84	 0.94	   	
J2234-3159	 6.94	 1.50	 0.570	 0.040	 5.65	 0.82	 0.90	   	
J2234-3744	16.63	 1.50	 0.153	      	11.05	 1.16	 1.38	   	
J2234-3033	 6.15	 1.00	 0.251	      	 5.60	 0.86	 0.98	   	
J2239-3040	 5.47	 0.25	      	      	     	     	     	   	
J2239-3231	 5.67	 1.00	 0.450	 0.040	 4.95	 0.88	 0.90	   	
J2244-3704	 9.02	 1.50	 0.440	 0.040	 7.00	 0.82	 0.98	   	
J2245-2113	 8.21	 0.50	 0.690	 0.040	 6.01	 0.78	 0.87	   	
J2246-3210	 5.12	 1.00	 0.500	 0.040	 4.47	 0.81	 0.94	   	
J2247-3300	 6.66	 0.50	 1.240	 0.160	 4.51	 0.71	 0.74	   	
J2251-2247	 5.63	 0.25	 1.010	 0.100	 4.08	 0.71	 0.81	   	
J2251-3324	 5.74	 1.00	 0.240	 0.020	 5.29	 0.93	 0.95	   	
J2252-2134	 5.90	 0.50	 0.160	 0.020	 5.41	 0.87	 0.96	   	
J2253-3344	 5.37	 1.75	 0.224	      	 5.04	 0.87	 0.99	   	
J2256-2241	 7.00	 0.75	 0.620	 0.040	 5.47	 0.74	 0.86	   	
J2258-2256	 5.82	 1.00	 0.550	 0.040	 4.80	 0.85	 0.84	   	
J2258-3447	 9.01	 2.00	 0.317	      	 7.23	 0.82	 1.01	   	
J2259-3951	 6.56	 0.75	 0.531	 0.008	 5.46	 0.83	 0.89	 94	18
J2259-2505	 5.50	 0.50	 0.430	 0.040	 4.72	 0.82	 0.95	   	
J2305-2248	14.36	 1.00	 0.700	 0.040	 8.57	 0.87	 1.06	   	
J2306-2215	 7.07	 0.50	 0.810	 0.060	 5.22	 0.77	 0.77	   	
J2315-2127	 5.69	 0.50	 0.540	 0.040	 4.73	 0.85	 0.85	   	
J2315-3747	 6.45	 1.50	 0.181	      	 5.92	 0.87	 0.95	   	
J2317-3648	 9.88	 0.25	 0.820	 0.030	 6.75	 0.75	 0.90	   	
J2317-3239	 9.77	 0.50	 1.050	 0.040	 6.30	 0.71	 0.84	   	
J2318-3513	 5.52	 0.25	 0.980	 0.070	 4.12	 0.74	 0.83	   	
J2319-2245	 6.66	 0.25	 0.590	 0.040	 5.33	 0.75	 0.87	   	
J2321-2725	 5.59	 0.25	 0.670	 0.040	 4.47	 0.76	 0.88	   	
J2322-3805	 9.12	 0.50	 0.360	 0.030	 7.22	 0.83	 1.00	   	
J2332-2944	 5.01	 0.25	      	      	     	     	     	   	
J2334-2413	 6.19	 0.25	 0.730	 0.050	 4.78	 0.77	 0.85	   	
J2335-3256	 5.44	 1.25	 0.510	 0.040	 4.71	 0.87	 0.88	   	
J2335-2950	10.32	 0.50	 0.700	 0.040	 6.99	 0.77	 0.93	   	
J2336-3210	 5.65	 1.00	 0.660	 0.040	 4.64	 0.85	 0.86	   	
J2336-3205	 5.12	 0.75	 0.630	 0.040	 4.33	 0.78	 0.90	   	
J2337-3822	 5.11	 0.75	 0.730	 0.050	 4.20	 0.74	 0.88	   	
J2339-3555	 5.84	 1.25	 0.610	 0.040	 4.85	 0.83	 0.85	   	
J2344-3153	 5.95	 0.25	 0.770	 0.050	 4.67	 0.83	 0.84	   	
J2346-3820	 5.87	 1.00	 1.060	 0.140	 4.28	 0.72	 0.81	   	
J2346-3316	 5.65	 0.75	 0.670	 0.040	 4.63	 0.85	 0.87	   	
J2347-3634	 7.79	 0.75	 0.460	 0.050	 6.30	 0.81	 0.95	   	
J2351-2604	11.08	 1.25	 0.230	      	 8.22	 0.89	 1.07	   	
J2351-2547	 5.47	 1.25	 0.610	 0.040	 4.49	 0.81	 0.85	   	
J2357-3446	 5.55	 2.25	 0.050	      	 5.37	 0.97	 0.96	   	
J0000-3838	 4.37	 2.25	 0.305	 0.007	 4.25	 0.71	 0.95	 49	 3
J0000-2805	 4.79	 2.50	 0.230	 0.030	 5.05	 0.91	 1.09	   	
J0001-3446	 4.23	 0.25	 0.730	 0.020	 3.72	 0.57	 0.83	 45	 7
J0011-2841	 4.13	 0.25	 0.089	 0.006	 4.79	 0.74	 1.05	 22	 5
J0019-2026	 4.95	 1.25	 0.277	      	 5.12	 0.98	 1.05	   	
J0020-2634	 4.14	 0.25	 0.233	 0.006	 4.62	 0.74	 1.02	 22	 4
J0023-3252	 4.28	 0.75	 0.660	 0.010	 3.83	 0.61	 0.84	 45	 4
J0025-3618	 4.53	 0.25	 0.215	 0.005	 4.48	 0.77	 0.99	 21	 2
J0027-3729	 4.32	 0.25	 0.830	 0.020	 3.66	 0.56	 0.81	 23	 4
J0033-3413	 4.52	 0.25	 0.233	 0.005	 4.46	 0.77	 0.97	 33	 3
J0036-2104	 4.23	 0.25	 0.356	 0.009	 4.52	 0.74	 1.00	 72	 7
J0036-3144	 4.49	 1.75	 0.410	 0.010	 4.23	 0.73	 0.94	 72	 4
J0042-2238	 4.17	 0.75	 0.710	 0.010	 4.06	 0.62	 0.88	 61	 4
J0044-3202	 4.28	 2.00	 0.400	 0.010	 4.12	 0.67	 0.92	 64	 4
J0056-3732	 4.59	 1.25	 0.168	 0.004	 4.58	 0.79	 0.99	 66	 5
J0056-3400	 4.05	 0.50	 0.960	 0.020	 3.40	 0.50	 0.74	 20	 4
J0100-3246	 4.19	 0.50	 0.530	 0.010	 3.92	 0.61	 0.88	 19	 3
J0102-2324	 4.38	 0.25	 0.508	 0.007	 4.41	 0.74	 0.99	 85	 4
J0104-2357	 4.24	 2.75	 0.168	 0.004	 4.75	 0.80	 1.08	 86	21
J0106-3719	 4.55	 1.75	 0.560	 0.008	 4.11	 0.66	 0.89	 50	 4
J0107-3015	 4.20	 2.75	 0.505	 0.008	 3.96	 0.64	 0.89	 47	 3
J0109-3613	 4.58	 1.00	 0.920	 0.020	 3.66	 0.62	 0.82	 32	 4
J0115-2917	 4.59	 0.25	 0.410	 0.010	 4.69	 0.81	 1.02	 76	 4
J0119-2025	 4.66	 0.25	 0.820	 0.010	 4.18	 0.69	 0.92	130	14
J0121-3355	 4.99	 1.00	 0.568	 0.006	 4.34	 0.79	 0.93	 97	 4
J0122-2420	 4.49	 0.25	 0.497	 0.007	 4.51	 0.74	 0.98	 83	11
J0128-3625	 4.24	 2.75	 0.870	 0.020	 3.56	 0.58	 0.79	 19	 5
J0134-2949	 4.35	 0.50	 0.880	 0.010	 3.90	 0.64	 0.88	 90	 7
J0135-2045	 4.89	 1.75	 0.376	 0.010	 4.93	 0.88	 1.04	 94	 8
J0138-2155	 4.76	 0.75	 0.338	      	 4.88	 0.87	 1.05	107	17
J0143-3515	 4.31	 0.25	 0.067	      	 4.49	 0.73	 1.00	   	
J0144-2214	 4.73	 0.50	 0.278	      	 4.97	 0.88	 1.05	 73	 3
J0149-3826	 4.99	 1.75	 0.380	 0.030	 4.62	 0.81	 0.94	   	
J0151-3544	 4.95	 0.25	 0.533	 0.006	 4.36	 0.78	 0.94	 75	 3
J0153-2453	 4.78	 1.00	 0.400	 0.010	 4.81	 0.84	 1.05	 21	 3
J0157-2359	 4.85	 2.25	 0.204	 0.006	 5.13	 0.92	 1.10	 32	 9
J0158-2910	 4.06	 0.50	 0.574	 0.007	 4.15	 0.65	 0.92	 85	 4
J0158-2240	 4.45	 1.25	 0.930	 0.020	 3.91	 0.64	 0.87	 37	 7
J0159-3010	 4.59	 0.50	 0.690	 0.010	 3.67	 0.62	 0.82	 96	 5
J0200-2836	 4.07	 0.50	 0.390	 0.010	 3.76	 0.57	 0.83	 24	 3
J0200-2236	 4.46	 1.50	 0.280	 0.006	 4.77	 0.80	 1.04	 79	 4
J0202-2812	 4.01	 1.00	 0.116	 0.005	 3.97	 0.63	 0.89	 24	 3
J0203-2404	 4.20	 0.25	 0.660	 0.020	 3.51	 0.55	 0.79	 19	 3
J0206-2921	 4.37	 3.00	 0.278	 0.009	 4.02	 0.65	 0.88	 43	20
J0206-3831	 4.41	 1.25	 0.457	 0.009	 3.54	 0.57	 0.78	 67	 4
J0209-2730	 4.85	 1.00	 0.314	 0.008	 4.25	 0.76	 0.91	 47	 8
J0210-2446	 4.53	 0.25	 0.700	 0.010	 3.64	 0.61	 0.81	 60	 4
J0212-2051	 4.31	 1.50	 0.575	 0.007	 3.68	 0.57	 0.81	 79	 7
J0213-2912	 4.08	 0.75	 0.900	 0.020	 3.23	 0.50	 0.71	 38	 5
J0213-2758	 4.32	 0.50	 0.323	 0.008	 3.94	 0.67	 0.87	 36	10
J0214-3349	 4.82	 1.25	 0.238	      	 3.98	 0.71	 0.85	 72	 6
J0214-3631	 4.65	 2.75	 0.248	 0.005	 3.85	 0.66	 0.83	 72	 4
J0215-3518	 4.26	 1.25	 0.900	 0.020	 3.03	 0.48	 0.67	 52	 5
J0215-2948	 4.15	 0.25	 0.253	 0.007	 3.59	 0.57	 0.80	 22	 2
J0217-2534	 4.59	 1.00	 0.710	 0.020	 3.67	 0.62	 0.80	111	15
J0223-2753	 4.26	 0.50	 0.440	 0.010	 3.77	 0.61	 0.85	 37	 3
J0224-3223	 4.00	 0.25	 0.540	 0.008	 3.28	 0.49	 0.72	 31	 3
J0224-3415	 4.53	 0.25	 0.593	 0.008	 3.45	 0.56	 0.77	 74	 4
J0224-3811	 4.81	 0.25	 0.281	 0.006	 3.93	 0.69	 0.84	 62	 3
J0225-3635	 4.21	 0.25	 0.460	 0.010	 3.44	 0.54	 0.76	 25	 3
J0225-3550	 4.41	 0.25	 0.289	 0.006	 3.68	 0.62	 0.83	 79	 5
J0226-2648	 4.24	 1.00	 0.990	 0.030	 3.21	 0.49	 0.69	 36	 5
J0227-2448	 4.38	 0.25	 0.650	 0.010	 3.63	 0.57	 0.80	 63	 4
J0227-2852	 4.83	 0.50	 0.214	      	 4.36	 0.77	 0.93	 44	16
J0228-3522	 4.23	 1.25	 0.283	 0.008	 3.61	 0.57	 0.81	 22	 2
J0228-2427	 4.58	 1.00	 0.305	 0.006	 4.12	 0.70	 0.91	 89	 6
J0228-2835	 4.76	 1.75	 0.830	 0.010	 3.61	 0.62	 0.80	 58	 5
J0229-3737	 4.45	 0.25	 0.930	 0.020	 3.09	 0.51	 0.68	135	 7
J0230-3054	 4.32	 1.25	 0.505	 0.007	 3.43	 0.54	 0.76	 41	 3
J0233-2952	 4.20	 1.00	 0.960	 0.030	 2.95	 0.45	 0.64	 19	 4
J0237-2948	 4.24	 1.00	 0.710	 0.020	 3.50	 0.55	 0.77	 19	 3
J0239-2455	 4.18	 0.25	 0.650	 0.010	 3.53	 0.55	 0.78	 80	 5
J0240-3023	 4.15	 1.50	 0.460	 0.010	 3.41	 0.53	 0.75	 20	 2
J0242-3123	 4.42	 0.25	 0.499	 0.007	 3.49	 0.56	 0.78	 43	 3
J0244-2246	 4.68	 0.25	 0.960	 0.020	 3.43	 0.58	 0.76	 64	 6
J0245-2622	 4.02	 1.25	 0.138	 0.005	 3.98	 0.62	 0.87	 25	 2
J0249-3636	 4.86	 0.75	 0.690	 0.020	 3.54	 0.63	 0.75	 40	 4
J0251-2457	 4.31	 1.25	 0.120	 0.005	 4.15	 0.70	 0.92	 88	 3
J0251-2636	 4.13	 1.00	 0.353	 0.009	 3.82	 0.60	 0.85	 65	 8
J0252-1959	 4.98	 0.50	 0.740	 0.020	 3.84	 0.69	 0.83	 47	 4
J0254-3106	 4.05	 0.50	 0.531	 0.007	 3.31	 0.50	 0.72	 61	 4
J0256-3504	 4.75	 0.50	 0.750	 0.010	 3.42	 0.56	 0.73	 76	 6
J0257-2009	 4.88	 0.50	 0.700	 0.010	 3.82	 0.68	 0.83	152	 6
J0258-2613	 4.25	 1.50	 0.730	 0.010	 3.47	 0.55	 0.76	 71	 4
J0301-3708	 4.20	 0.25	 0.491	 0.009	 3.41	 0.52	 0.75	 26	 2
J0302-3209	 4.51	 2.75	 0.322	 0.007	 3.72	 0.63	 0.81	 55	 2
J0303-2736	 4.76	 0.75	 0.268	 0.006	 4.26	 0.72	 0.92	 75	 5
J0305-2441	 4.44	 1.25	 0.372	 0.010	 3.94	 0.66	 0.88	 67	 4
J0308-2915	 4.69	 1.00	 1.010	 0.050	 3.39	 0.55	 0.74	 50	 5
J0308-2947	 4.57	 0.75	 0.900	 0.020	 3.16	 0.54	 0.70	 40	 4
J0312-2025	 4.36	 0.50	 0.680	 0.020	 3.60	 0.56	 0.79	 49	 4
J0314-2453	 4.26	 0.25	 0.410	 0.010	 3.83	 0.60	 0.85	 71	 4
J0316-2046	 4.89	 2.25	 0.236	 0.004	 4.39	 0.77	 0.93	 66	 3
J0317-3027	 4.18	 2.25	 0.710	 0.020	 3.18	 0.46	 0.69	 56	 4
J0318-2844	 4.39	 0.25	 0.920	 0.020	 3.35	 0.54	 0.74	 20	 4
J0322-2500	 4.26	 0.50	 0.410	 0.010	 3.84	 0.61	 0.83	 38	 3
J0329-3629	 4.04	 1.75	 0.361	 0.009	 3.44	 0.53	 0.77	 50	 4
J0330-3912	 4.56	 0.50	 0.543	 0.007	 3.52	 0.58	 0.77	 64	 3
J0330-2948	 4.45	 0.25	 0.860	 0.020	 3.42	 0.56	 0.76	 35	 4
J0336-3012	 4.90	 0.25	 1.030	 0.080	 3.47	 0.61	 0.76	 33	 5
J0336-3144	 4.24	 0.50	 0.420	 0.010	 3.48	 0.55	 0.78	122	 5
J0338-3742	 4.87	 1.75	 0.475	 0.008	 3.76	 0.66	 0.81	 38	 3
J0339-3952	 4.64	 0.25	 1.240	 0.070	 2.88	 0.47	 0.63	   	
J0339-2205	 4.43	 2.50	 0.256	 0.005	 4.09	 0.67	 0.90	 56	 4
J0340-2855	 4.17	 0.50	 0.326	 0.008	 3.84	 0.61	 0.86	 23	 3
J0340-2823	 4.28	 1.00	 0.350	 0.009	 3.90	 0.63	 0.87	 48	 3
J0340-2805	 4.02	 0.25	 0.462	 0.009	 3.65	 0.56	 0.81	 33	 3
J0346-2127	 4.71	 0.50	 0.690	 0.010	 3.74	 0.66	 0.83	 59	 5
J0350-3801	 4.35	 0.75	 0.380	 0.010	 3.59	 0.60	 0.80	 58	 4
J0356-3602	 4.41	 0.25	 0.770	 0.010	 3.22	 0.51	 0.71	 59	 7
J0359-3011	 4.64	 0.25	 0.113	 0.005	 4.48	 0.78	 0.98	 33	 3
J0400-2914	 4.82	 0.25	 0.790	 0.010	 3.81	 0.67	 0.82	 92	 7
J0413-2748	 4.18	 0.25	 0.610	 0.010	 3.65	 0.59	 0.80	 42	 3
J0418-3504	 4.04	 0.25	 0.294	 0.008	 3.87	 0.59	 0.87	 27	 2
J0420-3837	 4.21	 0.50	 0.349	 0.009	 3.92	 0.60	 0.87	 39	 3
J0420-2710	 4.15	 1.25	 0.440	 0.010	 3.85	 0.60	 0.85	 54	 3
J0421-2753	 4.24	 0.25	 0.611	 0.010	 3.68	 0.58	 0.82	 48	 3
J0421-2022	 4.63	 0.75	 0.389	 0.010	 4.16	 0.73	 0.93	141	 4
J0423-3644	 4.38	 0.25	 0.541	 0.006	 3.76	 0.64	 0.85	 80	 4
J0426-3648	 4.00	 1.25	 0.400	 0.010	 3.77	 0.56	 0.81	 48	 4
J0427-2441	 4.59	 1.75	 0.410	 0.010	 4.11	 0.72	 0.90	 51	 3
J0428-3002	 4.11	 1.00	 0.980	 0.030	 3.21	 0.46	 0.70	 49	 6
J0428-3014	 4.60	 0.75	 0.930	 0.020	 3.51	 0.60	 0.77	 34	 7
J0433-3942	 4.11	 1.50	 0.339	 0.009	 3.86	 0.62	 0.87	 27	 3
J0434-2227	 4.13	 0.50	 0.880	 0.020	 3.37	 0.51	 0.75	 35	 4
J0437-2449	 4.95	 0.25	 1.010	 0.060	 3.63	 0.61	 0.78	 47	 5
J0438-2210	 4.25	 3.00	 0.095	 0.006	 4.25	 0.71	 0.95	 50	 4
J0440-3353	 4.34	 0.50	 0.514	 0.007	 3.80	 0.60	 0.84	 52	 3
J0441-3817	 4.16	 1.00	 0.222	 0.004	 4.00	 0.63	 0.90	 68	 5
J0445-2510	 4.12	 1.25	 0.585	 0.007	 3.67	 0.57	 0.82	 61	 4
J0445-1950	 4.46	 0.25	 0.420	 0.010	 4.01	 0.68	 0.90	 35	 3
J0448-3020	 4.17	 1.00	 0.750	 0.010	 3.47	 0.55	 0.76	 83	 5
J0448-2909	 4.93	 1.00	 0.299	 0.007	 4.49	 0.78	 0.93	 46	 4
J0448-2718	 4.10	 0.25	 0.390	 0.010	 3.87	 0.62	 0.86	 44	 4
J0453-3933	 4.60	 0.25	 0.525	 0.007	 3.93	 0.66	 0.85	 82	 7
J0453-3405	 4.70	 0.25	 1.210	 0.150	 3.22	 0.54	 0.72	   	
J0456-3836	 4.30	 1.25	 0.400	 0.010	 3.90	 0.63	 0.88	 54	 5
J0458-3710	 4.10	 1.25	 0.740	 0.010	 3.46	 0.52	 0.75	 70	 4
J0458-2706	 4.63	 0.50	 0.558	 0.006	 4.00	 0.67	 0.86	 79	 5
J0502-3104	 4.11	 1.00	 0.720	 0.020	 3.47	 0.53	 0.76	 54	 4
J0503-3553	 4.12	 0.75	 0.630	 0.010	 3.53	 0.54	 0.80	 85	 5
J0505-3335	 4.49	 0.25	 0.650	 0.010	 3.70	 0.63	 0.85	 50	 4
J0506-2551	 4.60	 0.50	 0.380	 0.010	 4.16	 0.71	 0.91	 61	 3
J0516-2749	 4.14	 0.25	 0.990	 0.030	 3.29	 0.47	 0.70	 21	 4
J0517-3221	 4.26	 2.00	 0.168	 0.005	 4.11	 0.68	 0.92	 27	 3
J0517-2037	 4.80	 0.25	 1.030	 0.090	 3.50	 0.62	 0.78	   	
J0519-3930	 4.06	 0.50	 0.400	 0.010	 3.77	 0.58	 0.86	 31	 3
J0520-2625	 4.31	 0.50	 0.276	 0.006	 4.11	 0.67	 0.92	 77	 4
J0521-2812	 4.93	 0.25	 0.598	 0.009	 4.10	 0.71	 0.89	 50	 4
J0524-2507	 4.22	 1.75	 0.740	 0.020	 3.56	 0.54	 0.78	 45	 4
J0528-3328	 4.36	 1.00	 0.430	 0.010	 3.89	 0.65	 0.86	 22	 5
J0533-3713	 4.34	 0.25	 0.970	 0.020	 3.30	 0.52	 0.75	 42	 6
J0536-3055	 4.13	 3.00	 0.750	 0.020	 3.45	 0.52	 0.75	 25	 4
J0536-3946	 4.67	 0.50	 0.266	 0.005	 4.26	 0.73	 0.93	 80	 4
J0538-2924	 4.81	 0.25	 0.356	 0.009	 4.33	 0.76	 0.93	 39	 3
J0538-2540	 4.45	 1.25	 0.609	 0.010	 3.78	 0.61	 0.85	 48	 4
J0543-3210	 4.24	 1.00	 0.980	 0.030	 3.27	 0.49	 0.72	 35	 5
J0544-2842	 4.02	 0.75	 0.493	 0.008	 3.73	 0.55	 0.83	 44	 3
J0546-3139	 4.48	 0.25	 0.760	 0.010	 3.60	 0.60	 0.79	 81	 5
J0546-2013	 4.81	 0.50	 0.584	 0.007	 4.02	 0.70	 0.87	100	 5
J0546-4017	 4.62	 0.75	 0.440	 0.010	 4.03	 0.70	 0.89	 19	 3
J0547-2916	 4.69	 2.50	 0.430	 0.010	 4.15	 0.72	 0.91	 47	 4
J0552-4008	 4.36	 2.00	 0.363	 0.009	 3.95	 0.65	 0.90	 66	 5
J0554-3149	 4.62	 0.25	 0.218	 0.005	 4.29	 0.73	 0.94	 21	 3
J0556-2502	 4.13	 0.25	 0.620	 0.010	 3.64	 0.54	 0.81	 20	 3
J0557-2626	 4.01	 0.75	 0.598	 0.009	 3.62	 0.54	 0.80	 45	 4
J0559-2628	 4.09	 1.25	 0.275	 0.006	 3.98	 0.62	 0.89	 91	 4
J1015-2604	 4.60	 0.75	 0.380	 0.040	 4.76	 0.83	 1.03	   	
J1022-2337	 4.37	 0.25	 0.410	 0.040	 4.57	 0.78	 1.00	   	
J1025-2041	 4.19	 2.00	 0.310	 0.020	 4.61	 0.74	 1.01	   	
J1039-2609	 4.58	 0.75	 0.410	 0.040	 4.70	 0.76	 1.03	   	
J1042-2142	 4.62	 1.25	 0.470	 0.050	 4.67	 0.81	 1.00	   	
J1042-2012	 4.64	 0.25	 0.330	 0.050	 4.87	 0.81	 1.05	   	
J1113-2214	 4.63	 0.25	 0.460	 0.040	 4.68	 0.81	 1.02	   	
J1126-2046	 4.77	 2.50	 0.640	 0.040	 4.51	 0.81	 1.00	   	
J1141-2127	 4.83	 1.50	 0.300	 0.020	 5.01	 0.90	 1.08	   	
J1204-2814	 4.65	 0.25	 0.141	      	 4.29	 0.76	 0.93	   	
J1217-2928	 4.66	 1.00	 0.200	 0.030	 4.26	 0.76	 0.93	   	
J1239-2915	 4.61	 1.75	 0.650	 0.040	 3.73	 0.63	 0.82	   	
J1251-2230	 4.38	 0.75	 0.045	      	 4.22	 0.71	 0.94	   	
J1251-2308	 4.47	 0.25	 0.290	 0.050	 4.06	 0.69	 0.90	   	
J1252-2711	 4.59	 0.50	 0.430	 0.040	 3.97	 0.68	 0.88	   	
J1254-2408	 4.40	 0.25	 0.650	 0.040	 3.62	 0.60	 0.80	   	
J1259-2129	 4.83	 0.25	 0.650	 0.060	 3.85	 0.67	 0.84	   	
J1309-2244	 4.75	 0.75	 0.350	 0.040	 4.14	 0.73	 0.91	   	
J1312-2505	 4.40	 0.25	 0.630	 0.040	 3.66	 0.58	 0.81	   	
J1332-2017	 4.77	 0.25	 0.550	 0.050	 3.92	 0.69	 0.86	   	
J1341-2346	 4.86	 0.50	 0.210	 0.040	 4.39	 0.77	 0.94	   	
J2159-2846	 4.72	 2.00	 0.430	 0.040	 4.24	 0.70	 0.92	   	
J2204-2515	 4.43	 1.75	 0.213	      	 4.30	 0.73	 0.94	   	
J2213-2806	 4.89	 0.50	 0.750	 0.050	 3.94	 0.71	 0.85	   	
J2218-3227	 4.66	 0.25	 0.970	 0.140	 3.62	 0.62	 0.81	   	
J2219-2809	 4.61	 0.25	 0.180	 0.050	 4.44	 0.77	 0.96	   	
J2236-2458	 4.82	 1.25	 0.320	 0.050	 4.42	 0.78	 0.94	   	
J2238-2452	 4.61	 1.25	 0.440	 0.040	 4.14	 0.70	 0.91	   	
J2238-2458	 4.76	 0.75	 0.218	      	 4.49	 0.79	 0.96	   	
J2251-2037	 4.66	 0.25	 0.800	 0.200	 3.74	 0.64	 0.82	   	
J2259-2615	 4.32	 1.25	 0.680	 0.040	 3.66	 0.59	 0.84	   	
J2305-2451	 4.56	 0.50	 0.480	 0.050	 4.06	 0.69	 0.90	   	
J2312-2130	 4.88	 1.00	 0.109	      	 4.70	 0.85	 0.99	   	
J2326-2255	 4.71	 0.50	 0.830	 0.060	 3.73	 0.65	 0.82	   	
J2331-2033	 4.44	 0.25	 0.149	      	 4.38	 0.74	 0.95	   	
J2352-2525	 4.53	 1.50	 0.420	 0.050	 4.10	 0.71	 0.90	   	
J2353-2547	 4.60	 1.00	 0.480	 0.040	 4.08	 0.73	 0.90	   	
