4.933333333333334458e+00 0.000000000000000000e+00 0.000000000000000000e+00 0.000000000000000000e+00
-1.333333333333332593e+00 0.000000000000000000e+00 0.000000000000000000e+00 -1.000000000000000000e+00
-1.333333333333332593e+00 0.000000000000000000e+00 0.000000000000000000e+00 1.000000000000000000e+00
3.888888888888890061e-01 0.000000000000000000e+00 0.000000000000000000e+00 -1.732050807568877859e+00
3.888888888888891726e-01 0.000000000000000000e+00 0.000000000000000000e+00 1.732050807568877859e+00
-9.175170953613692726e-02 0.000000000000000000e+00 0.000000000000000000e+00 -2.334414218338976443e+00
-9.082482904638632393e-01 0.000000000000000000e+00 0.000000000000000000e+00 -7.419637843027259150e-01
-9.082482904638622401e-01 0.000000000000000000e+00 0.000000000000000000e+00 7.419637843027258040e-01
-9.175170953613706604e-02 0.000000000000000000e+00 0.000000000000000000e+00 2.334414218338976887e+00
1.125741132772072398e-02 0.000000000000000000e+00 0.000000000000000000e+00 -2.856970013872805580e+00
2.220759220056127414e-01 0.000000000000000000e+00 0.000000000000000000e+00 -1.355626179974265710e+00
2.220759220056126304e-01 0.000000000000000000e+00 0.000000000000000000e+00 1.355626179974266377e+00
1.125741132772067540e-02 0.000000000000000000e+00 0.000000000000000000e+00 2.856970013872805580e+00
-1.333333333333332593e+00 0.000000000000000000e+00 -1.000000000000000000e+00 0.000000000000000000e+00
4.166666666666664076e-01 0.000000000000000000e+00 -1.000000000000000000e+00 -1.000000000000000000e+00
4.166666666666664076e-01 0.000000000000000000e+00 -1.000000000000000000e+00 1.000000000000000000e+00
-1.666666666666667129e-01 0.000000000000000000e+00 -1.000000000000000000e+00 -1.732050807568877859e+00
-1.666666666666667962e-01 0.000000000000000000e+00 -1.000000000000000000e+00 1.732050807568877859e+00
2.293792738403422835e-02 0.000000000000000000e+00 -1.000000000000000000e+00 -2.334414218338976443e+00
2.270620726159657543e-01 0.000000000000000000e+00 -1.000000000000000000e+00 -7.419637843027259150e-01
2.270620726159655323e-01 0.000000000000000000e+00 -1.000000000000000000e+00 7.419637843027258040e-01
2.293792738403426304e-02 0.000000000000000000e+00 -1.000000000000000000e+00 2.334414218338976887e+00
-1.333333333333332593e+00 0.000000000000000000e+00 1.000000000000000000e+00 0.000000000000000000e+00
4.166666666666664076e-01 0.000000000000000000e+00 1.000000000000000000e+00 -1.000000000000000000e+00
4.166666666666664076e-01 0.000000000000000000e+00 1.000000000000000000e+00 1.000000000000000000e+00
-1.666666666666667129e-01 0.000000000000000000e+00 1.000000000000000000e+00 -1.732050807568877859e+00
-1.666666666666667962e-01 0.000000000000000000e+00 1.000000000000000000e+00 1.732050807568877859e+00
2.293792738403422835e-02 0.000000000000000000e+00 1.000000000000000000e+00 -2.334414218338976443e+00
2.270620726159657543e-01 0.000000000000000000e+00 1.000000000000000000e+00 -7.419637843027259150e-01
2.270620726159655323e-01 0.000000000000000000e+00 1.000000000000000000e+00 7.419637843027258040e-01
2.293792738403426304e-02 0.000000000000000000e+00 1.000000000000000000e+00 2.334414218338976887e+00
3.888888888888890061e-01 0.000000000000000000e+00 -1.732050807568877859e+00 0.000000000000000000e+00
-1.666666666666667129e-01 0.000000000000000000e+00 -1.732050807568877859e+00 -1.000000000000000000e+00
-1.666666666666667129e-01 0.000000000000000000e+00 -1.732050807568877859e+00 1.000000000000000000e+00
2.777777777777780399e-02 0.000000000000000000e+00 -1.732050807568877859e+00 -1.732050807568877859e+00
2.777777777777781787e-02 0.000000000000000000e+00 -1.732050807568877859e+00 1.732050807568877859e+00
3.888888888888891726e-01 0.000000000000000000e+00 1.732050807568877859e+00 0.000000000000000000e+00
-1.666666666666667962e-01 0.000000000000000000e+00 1.732050807568877859e+00 -1.000000000000000000e+00
-1.666666666666667962e-01 0.000000000000000000e+00 1.732050807568877859e+00 1.000000000000000000e+00
2.777777777777781787e-02 0.000000000000000000e+00 1.732050807568877859e+00 -1.732050807568877859e+00
2.777777777777783522e-02 0.000000000000000000e+00 1.732050807568877859e+00 1.732050807568877859e+00
-9.175170953613692726e-02 0.000000000000000000e+00 -2.334414218338976443e+00 0.000000000000000000e+00
2.293792738403422835e-02 0.000000000000000000e+00 -2.334414218338976443e+00 -1.000000000000000000e+00
2.293792738403422835e-02 0.000000000000000000e+00 -2.334414218338976443e+00 1.000000000000000000e+00
-9.082482904638632393e-01 0.000000000000000000e+00 -7.419637843027259150e-01 0.000000000000000000e+00
2.270620726159657543e-01 0.000000000000000000e+00 -7.419637843027259150e-01 -1.000000000000000000e+00
2.270620726159657543e-01 0.000000000000000000e+00 -7.419637843027259150e-01 1.000000000000000000e+00
-9.082482904638622401e-01 0.000000000000000000e+00 7.419637843027258040e-01 0.000000000000000000e+00
2.270620726159655323e-01 0.000000000000000000e+00 7.419637843027258040e-01 -1.000000000000000000e+00
2.270620726159655323e-01 0.000000000000000000e+00 7.419637843027258040e-01 1.000000000000000000e+00
-9.175170953613706604e-02 0.000000000000000000e+00 2.334414218338976887e+00 0.000000000000000000e+00
2.293792738403426304e-02 0.000000000000000000e+00 2.334414218338976887e+00 -1.000000000000000000e+00
2.293792738403426304e-02 0.000000000000000000e+00 2.334414218338976887e+00 1.000000000000000000e+00
1.125741132772072398e-02 0.000000000000000000e+00 -2.856970013872805580e+00 0.000000000000000000e+00
2.220759220056127414e-01 0.000000000000000000e+00 -1.355626179974265710e+00 0.000000000000000000e+00
2.220759220056126304e-01 0.000000000000000000e+00 1.355626179974266377e+00 0.000000000000000000e+00
1.125741132772067540e-02 0.000000000000000000e+00 2.856970013872805580e+00 0.000000000000000000e+00
-1.333333333333332593e+00 -1.000000000000000000e+00 0.000000000000000000e+00 0.000000000000000000e+00
4.166666666666664631e-01 -1.000000000000000000e+00 0.000000000000000000e+00 -1.000000000000000000e+00
4.166666666666664631e-01 -1.000000000000000000e+00 0.000000000000000000e+00 1.000000000000000000e+00
-1.666666666666667129e-01 -1.000000000000000000e+00 0.000000000000000000e+00 -1.732050807568877859e+00
-1.666666666666667962e-01 -1.000000000000000000e+00 0.000000000000000000e+00 1.732050807568877859e+00
2.293792738403422835e-02 -1.000000000000000000e+00 0.000000000000000000e+00 -2.334414218338976443e+00
2.270620726159657266e-01 -1.000000000000000000e+00 0.000000000000000000e+00 -7.419637843027259150e-01
2.270620726159654768e-01 -1.000000000000000000e+00 0.000000000000000000e+00 7.419637843027258040e-01
2.293792738403426304e-02 -1.000000000000000000e+00 0.000000000000000000e+00 2.334414218338976887e+00
4.166666666666664631e-01 -1.000000000000000000e+00 -1.000000000000000000e+00 0.000000000000000000e+00
-2.499999999999998335e-01 -1.000000000000000000e+00 -1.000000000000000000e+00 -1.000000000000000000e+00
-2.499999999999998335e-01 -1.000000000000000000e+00 -1.000000000000000000e+00 1.000000000000000000e+00
4.166666666666667129e-02 -1.000000000000000000e+00 -1.000000000000000000e+00 -1.732050807568877859e+00
4.166666666666668517e-02 -1.000000000000000000e+00 -1.000000000000000000e+00 1.732050807568877859e+00
4.166666666666664631e-01 -1.000000000000000000e+00 1.000000000000000000e+00 0.000000000000000000e+00
-2.499999999999998335e-01 -1.000000000000000000e+00 1.000000000000000000e+00 -1.000000000000000000e+00
-2.499999999999998335e-01 -1.000000000000000000e+00 1.000000000000000000e+00 1.000000000000000000e+00
4.166666666666667129e-02 -1.000000000000000000e+00 1.000000000000000000e+00 -1.732050807568877859e+00
4.166666666666668517e-02 -1.000000000000000000e+00 1.000000000000000000e+00 1.732050807568877859e+00
-1.666666666666667129e-01 -1.000000000000000000e+00 -1.732050807568877859e+00 0.000000000000000000e+00
4.166666666666667129e-02 -1.000000000000000000e+00 -1.732050807568877859e+00 -1.000000000000000000e+00
4.166666666666667129e-02 -1.000000000000000000e+00 -1.732050807568877859e+00 1.000000000000000000e+00
-1.666666666666667962e-01 -1.000000000000000000e+00 1.732050807568877859e+00 0.000000000000000000e+00
4.166666666666668517e-02 -1.000000000000000000e+00 1.732050807568877859e+00 -1.000000000000000000e+00
4.166666666666668517e-02 -1.000000000000000000e+00 1.732050807568877859e+00 1.000000000000000000e+00
2.293792738403422835e-02 -1.000000000000000000e+00 -2.334414218338976443e+00 0.000000000000000000e+00
2.270620726159657266e-01 -1.000000000000000000e+00 -7.419637843027259150e-01 0.000000000000000000e+00
2.270620726159654768e-01 -1.000000000000000000e+00 7.419637843027258040e-01 0.000000000000000000e+00
2.293792738403426304e-02 -1.000000000000000000e+00 2.334414218338976887e+00 0.000000000000000000e+00
-1.333333333333332593e+00 1.000000000000000000e+00 0.000000000000000000e+00 0.000000000000000000e+00
4.166666666666664631e-01 1.000000000000000000e+00 0.000000000000000000e+00 -1.000000000000000000e+00
4.166666666666664631e-01 1.000000000000000000e+00 0.000000000000000000e+00 1.000000000000000000e+00
-1.666666666666667129e-01 1.000000000000000000e+00 0.000000000000000000e+00 -1.732050807568877859e+00
-1.666666666666667962e-01 1.000000000000000000e+00 0.000000000000000000e+00 1.732050807568877859e+00
2.293792738403422835e-02 1.000000000000000000e+00 0.000000000000000000e+00 -2.334414218338976443e+00
2.270620726159657266e-01 1.000000000000000000e+00 0.000000000000000000e+00 -7.419637843027259150e-01
2.270620726159654768e-01 1.000000000000000000e+00 0.000000000000000000e+00 7.419637843027258040e-01
2.293792738403426304e-02 1.000000000000000000e+00 0.000000000000000000e+00 2.334414218338976887e+00
4.166666666666664631e-01 1.000000000000000000e+00 -1.000000000000000000e+00 0.000000000000000000e+00
-2.499999999999998335e-01 1.000000000000000000e+00 -1.000000000000000000e+00 -1.000000000000000000e+00
-2.499999999999998335e-01 1.000000000000000000e+00 -1.000000000000000000e+00 1.000000000000000000e+00
4.166666666666667129e-02 1.000000000000000000e+00 -1.000000000000000000e+00 -1.732050807568877859e+00
4.166666666666668517e-02 1.000000000000000000e+00 -1.000000000000000000e+00 1.732050807568877859e+00
4.166666666666664631e-01 1.000000000000000000e+00 1.000000000000000000e+00 0.000000000000000000e+00
-2.499999999999998335e-01 1.000000000000000000e+00 1.000000000000000000e+00 -1.000000000000000000e+00
-2.499999999999998335e-01 1.000000000000000000e+00 1.000000000000000000e+00 1.000000000000000000e+00
4.166666666666667129e-02 1.000000000000000000e+00 1.000000000000000000e+00 -1.732050807568877859e+00
4.166666666666668517e-02 1.000000000000000000e+00 1.000000000000000000e+00 1.732050807568877859e+00
-1.666666666666667129e-01 1.000000000000000000e+00 -1.732050807568877859e+00 0.000000000000000000e+00
4.166666666666667129e-02 1.000000000000000000e+00 -1.732050807568877859e+00 -1.000000000000000000e+00
4.166666666666667129e-02 1.000000000000000000e+00 -1.732050807568877859e+00 1.000000000000000000e+00
-1.666666666666667962e-01 1.000000000000000000e+00 1.732050807568877859e+00 0.000000000000000000e+00
4.166666666666668517e-02 1.000000000000000000e+00 1.732050807568877859e+00 -1.000000000000000000e+00
4.166666666666668517e-02 1.000000000000000000e+00 1.732050807568877859e+00 1.000000000000000000e+00
2.293792738403422835e-02 1.000000000000000000e+00 -2.334414218338976443e+00 0.000000000000000000e+00
2.270620726159657266e-01 1.000000000000000000e+00 -7.419637843027259150e-01 0.000000000000000000e+00
2.270620726159654768e-01 1.000000000000000000e+00 7.419637843027258040e-01 0.000000000000000000e+00
2.293792738403426304e-02 1.000000000000000000e+00 2.334414218338976887e+00 0.000000000000000000e+00
3.888888888888890061e-01 -1.732050807568877859e+00 0.000000000000000000e+00 0.000000000000000000e+00
-1.666666666666667129e-01 -1.732050807568877859e+00 0.000000000000000000e+00 -1.000000000000000000e+00
-1.666666666666667129e-01 -1.732050807568877859e+00 0.000000000000000000e+00 1.000000000000000000e+00
2.777777777777780399e-02 -1.732050807568877859e+00 0.000000000000000000e+00 -1.732050807568877859e+00
2.777777777777781440e-02 -1.732050807568877859e+00 0.000000000000000000e+00 1.732050807568877859e+00
-1.666666666666667129e-01 -1.732050807568877859e+00 -1.000000000000000000e+00 0.000000000000000000e+00
4.166666666666666435e-02 -1.732050807568877859e+00 -1.000000000000000000e+00 -1.000000000000000000e+00
4.166666666666666435e-02 -1.732050807568877859e+00 -1.000000000000000000e+00 1.000000000000000000e+00
-1.666666666666667129e-01 -1.732050807568877859e+00 1.000000000000000000e+00 0.000000000000000000e+00
4.166666666666666435e-02 -1.732050807568877859e+00 1.000000000000000000e+00 -1.000000000000000000e+00
4.166666666666666435e-02 -1.732050807568877859e+00 1.000000000000000000e+00 1.000000000000000000e+00
2.777777777777780399e-02 -1.732050807568877859e+00 -1.732050807568877859e+00 0.000000000000000000e+00
2.777777777777781440e-02 -1.732050807568877859e+00 1.732050807568877859e+00 0.000000000000000000e+00
3.888888888888891726e-01 1.732050807568877859e+00 0.000000000000000000e+00 0.000000000000000000e+00
-1.666666666666667962e-01 1.732050807568877859e+00 0.000000000000000000e+00 -1.000000000000000000e+00
-1.666666666666667962e-01 1.732050807568877859e+00 0.000000000000000000e+00 1.000000000000000000e+00
2.777777777777781787e-02 1.732050807568877859e+00 0.000000000000000000e+00 -1.732050807568877859e+00
2.777777777777782828e-02 1.732050807568877859e+00 0.000000000000000000e+00 1.732050807568877859e+00
-1.666666666666667962e-01 1.732050807568877859e+00 -1.000000000000000000e+00 0.000000000000000000e+00
4.166666666666668517e-02 1.732050807568877859e+00 -1.000000000000000000e+00 -1.000000000000000000e+00
4.166666666666668517e-02 1.732050807568877859e+00 -1.000000000000000000e+00 1.000000000000000000e+00
-1.666666666666667962e-01 1.732050807568877859e+00 1.000000000000000000e+00 0.000000000000000000e+00
4.166666666666668517e-02 1.732050807568877859e+00 1.000000000000000000e+00 -1.000000000000000000e+00
4.166666666666668517e-02 1.732050807568877859e+00 1.000000000000000000e+00 1.000000000000000000e+00
2.777777777777781787e-02 1.732050807568877859e+00 -1.732050807568877859e+00 0.000000000000000000e+00
2.777777777777782828e-02 1.732050807568877859e+00 1.732050807568877859e+00 0.000000000000000000e+00
-9.175170953613692726e-02 -2.334414218338976443e+00 0.000000000000000000e+00 0.000000000000000000e+00
2.293792738403422835e-02 -2.334414218338976443e+00 0.000000000000000000e+00 -1.000000000000000000e+00
2.293792738403422835e-02 -2.334414218338976443e+00 0.000000000000000000e+00 1.000000000000000000e+00
2.293792738403422835e-02 -2.334414218338976443e+00 -1.000000000000000000e+00 0.000000000000000000e+00
2.293792738403422835e-02 -2.334414218338976443e+00 1.000000000000000000e+00 0.000000000000000000e+00
-9.082482904638632393e-01 -7.419637843027259150e-01 0.000000000000000000e+00 0.000000000000000000e+00
2.270620726159657543e-01 -7.419637843027259150e-01 0.000000000000000000e+00 -1.000000000000000000e+00
2.270620726159657543e-01 -7.419637843027259150e-01 0.000000000000000000e+00 1.000000000000000000e+00
2.270620726159657543e-01 -7.419637843027259150e-01 -1.000000000000000000e+00 0.000000000000000000e+00
2.270620726159657543e-01 -7.419637843027259150e-01 1.000000000000000000e+00 0.000000000000000000e+00
-9.082482904638622401e-01 7.419637843027258040e-01 0.000000000000000000e+00 0.000000000000000000e+00
2.270620726159654768e-01 7.419637843027258040e-01 0.000000000000000000e+00 -1.000000000000000000e+00
2.270620726159654768e-01 7.419637843027258040e-01 0.000000000000000000e+00 1.000000000000000000e+00
2.270620726159654768e-01 7.419637843027258040e-01 -1.000000000000000000e+00 0.000000000000000000e+00
2.270620726159654768e-01 7.419637843027258040e-01 1.000000000000000000e+00 0.000000000000000000e+00
-9.175170953613706604e-02 2.334414218338976887e+00 0.000000000000000000e+00 0.000000000000000000e+00
2.293792738403426304e-02 2.334414218338976887e+00 0.000000000000000000e+00 -1.000000000000000000e+00
2.293792738403426304e-02 2.334414218338976887e+00 0.000000000000000000e+00 1.000000000000000000e+00
2.293792738403426304e-02 2.334414218338976887e+00 -1.000000000000000000e+00 0.000000000000000000e+00
2.293792738403426304e-02 2.334414218338976887e+00 1.000000000000000000e+00 0.000000000000000000e+00
1.125741132772072398e-02 -2.856970013872805580e+00 0.000000000000000000e+00 0.000000000000000000e+00
2.220759220056127414e-01 -1.355626179974265710e+00 0.000000000000000000e+00 0.000000000000000000e+00
2.220759220056126582e-01 1.355626179974266377e+00 0.000000000000000000e+00 0.000000000000000000e+00
1.125741132772067367e-02 2.856970013872805580e+00 0.000000000000000000e+00 0.000000000000000000e+00
