# SFR [msun/yr], v_out [km/s]
# LIRGs from Heckman+ 2000
Heckman+ (2000), 3.8, 229.3
Heckman+ (2000), 6.1, 260.6
Heckman+ (2000), 12.1, 196.7
Heckman+ (2000), 15.2, 127.7
Heckman+ (2000), 19.1, 121.7
Heckman+ (2000), 60.8, 102.6
Heckman+ (2000), 152.2, 18.9
Heckman+ (2000), 152.4, 173.8
Heckman+ (2000), 96.1, 196.6
Heckman+ (2000), 48.3, 282.3
Heckman+ (2000), 30.5, 308.2
Heckman+ (2000), 304.8, 932.2
# Weiner+ 2009
Weiner+ (2009), 12.1, 232.7
Weiner+ (2009), 19.6, 254.7
Weiner+ (2009), 39.0, 288.0
# dwarf starbursts from Schwartz+ (2004)
Schwartz+ (2004), 0.1, 23.5
Schwartz+ (2004), 0.2, 13.7
Schwartz+ (2004), 0.5, 33.3
Schwartz+ (2004), 5.0, 89.0
Schwartz+ (2004), 50.2, 145.5
# 1 Jy ULIRGS from Rupke+ (2002)
Rupke+ (2002), 341.0, 9.0
Rupke+ (2002), 95.7, 14.0
Rupke+ (2002), 123.8, 119.9
Rupke+ (2002), 110.3, 136.2
Rupke+ (2002), 102.8, 281.5
Rupke+ (2002), 113.2, 330.6
Rupke+ (2002), 146.3, 412.3
Rupke+ (2002), 113.3, 499.0
Rupke+ (2002), 175.2, 893.4
Rupke+ (2002), 259.0, 1532.7
# ULIRGS from Martin+ (2005)
Martin+ (2005), 217.4, 95.8
Martin+ (2005), 261.8, 113.4
Martin+ (2005), 122.6, 238.5
Martin+ (2005), 105.9, 305.8
Martin+ (2005), 139.9, 291.5
Martin+ (2005), 162.1, 267.7
Martin+ (2005), 179.0, 290.8
Martin+ (2005), 250.5, 325.6
Martin+ (2005), 351.8, 280.0
Martin+ (2005), 155.5, 387.2
Martin+ (2005), 179.6, 417.5
Martin+ (2005), 275.0, 409.1
Martin+ (2005), 285.8, 418.5
Martin+ (2005), 418.4, 497.6
# SDSS normal galaxies from Chen+ (2010)
Chen+ (2010), 3.21, 125.38
Chen+ (2010), 3.18, 137.03
Chen+ (2010), 3.23, 132.10
Chen+ (2010), 3.27, 142.76
Chen+ (2010), 3.30, 136.65
Chen+ (2010), 3.32, 134.54
Chen+ (2010), 3.36, 131.73
Chen+ (2010), 3.39, 131.73
Chen+ (2010), 3.48, 129.15
Chen+ (2010), 3.39, 132.66
Chen+ (2010), 3.45, 132.66
Chen+ (2010), 3.42, 135.69
Chen+ (2010), 3.51, 135.69
Chen+ (2010), 3.54, 138.59
Chen+ (2010), 3.65, 136.46
Chen+ (2010), 3.61, 128.43
Chen+ (2010), 3.67, 128.25
Chen+ (2010), 3.58, 123.80
Chen+ (2010), 3.79, 125.74
Chen+ (2010), 4.12, 127.17
Chen+ (2010), 4.20, 129.52
Chen+ (2010), 4.33, 126.99
Chen+ (2010), 4.37, 131.55
Chen+ (2010), 4.50, 131.92
Chen+ (2010), 4.75, 131.37
Chen+ (2010), 4.86, 128.62
Chen+ (2010), 4.91, 130.45
Chen+ (2010), 5.07, 128.62
Chen+ (2010), 5.18, 134.56
Chen+ (2010), 5.34, 135.13
Chen+ (2010), 5.41, 138.41
Chen+ (2010), 5.55, 141.98
Chen+ (2010), 5.68, 140.98
Chen+ (2010), 5.76, 142.98
Chen+ (2010), 5.82, 134.76
Chen+ (2010), 5.90, 131.75
Chen+ (2010), 6.19, 124.87
Chen+ (2010), 6.37, 128.99
Chen+ (2010), 6.46, 136.10
Chen+ (2010), 3.75, 137.23
Chen+ (2010), 3.83, 134.17
Chen+ (2010), 3.86, 138.21
Chen+ (2010), 3.90, 138.79
Chen+ (2010), 3.93, 135.31
Chen+ (2010), 3.98, 135.69
Chen+ (2010), 4.08, 141.76
Chen+ (2010), 4.01, 139.38
Chen+ (2010), 4.15, 135.89
Chen+ (2010), 4.29, 134.74
Chen+ (2010), 4.24, 140.57
Chen+ (2010), 4.41, 137.24
Chen+ (2010), 4.47, 137.24
Chen+ (2010), 4.55, 134.75
Chen+ (2010), 4.60, 144.19
Chen+ (2010), 4.71, 145.83
Chen+ (2010), 5.12, 148.32
Chen+ (2010), 5.23, 147.49
Chen+ (2010), 5.30, 146.24
Chen+ (2010), 5.61, 151.50
Chen+ (2010), 5.96, 151.07
Chen+ (2010), 6.26, 147.08
Chen+ (2010), 6.62, 146.05
Chen+ (2010), 6.01, 140.98
Chen+ (2010), 4.66, 110.60
Chen+ (2010), 4.96, 118.85
Chen+ (2010), 5.48, 119.02
Chen+ (2010), 6.80, 99.64
Chen+ (2010), 6.91, 107.38
Chen+ (2010), 6.55, 115.39
Chen+ (2010), 6.72, 117.53
Chen+ (2010), 8.50, 111.08
Chen+ (2010), 8.31, 117.53
Chen+ (2010), 8.15, 126.48
Chen+ (2010), 7.85, 130.83
Chen+ (2010), 8.00, 131.95
Chen+ (2010), 7.49, 126.66
Chen+ (2010), 7.37, 131.20
Chen+ (2010), 7.12, 135.53
Chen+ (2010), 7.24, 136.30
Chen+ (2010), 6.99, 141.59
Chen+ (2010), 7.58, 145.85
Chen+ (2010), 7.72, 146.67
Chen+ (2010), 8.69, 141.60
Chen+ (2010), 8.84, 146.68
Chen+ (2010), 9.09, 144.22
Chen+ (2010), 9.31, 141.80
Chen+ (2010), 9.50, 139.62
Chen+ (2010), 9.72, 136.31
Chen+ (2010), 9.95, 130.66
Chen+ (2010), 10.20, 133.46
Chen+ (2010), 10.85, 122.80
Chen+ (2010), 11.62, 123.50
Chen+ (2010), 11.22, 131.40
Chen+ (2010), 10.50, 146.27
Chen+ (2010), 12.04, 149.20
Chen+ (2010), 12.48, 136.90
Chen+ (2010), 12.98, 133.65
Chen+ (2010), 13.46, 138.65
Chen+ (2010), 14.20, 151.33
Chen+ (2010), 15.10, 134.99
Chen+ (2010), 16.11, 135.18
Chen+ (2010), 17.37, 148.17
Chen+ (2010), 18.74, 141.03
Chen+ (2010), 20.91, 157.89
Chen+ (2010), 24.71, 153.29
Chen+ (2010), 30.89, 145.09
Chen+ (2010), 45.47, 144.90