Coordinates (in mm) in engineering system:
(x is right, y is up looking from center
of mirror dish, in park position)

pix. id      x            y
------------------------------
4112      0.0000       0.0000
4113     32.7327      37.7964
4114    -16.3663      47.2456
4115    -49.0990       9.4491
4116    -32.7327     -37.7964
4117     16.3663     -47.2456
4118     49.0990      -9.4491
4120     65.4654      75.5929
4121     16.3663      85.0420
4122    -32.7327      94.4911
4123    -65.4654      56.6947
4124    -98.1981      18.8982
4125    -81.8317     -28.3473
4126    -65.4654     -75.5929
4128    -16.3663     -85.0420
4129     32.7327     -94.4911
4130     65.4654     -56.6947
4131     98.1981     -18.8982
4132     81.8317      28.3473
4133     98.1981     113.3893
4134     49.0990     122.8385
4136      0.0000     132.2876
4137    -49.0990     141.7367
4138    -81.8317     103.9402
4139   -114.5644      66.1438
4140   -147.2971      28.3473
4141   -130.9307     -18.8982
4142   -114.5644     -66.1438
4144    -98.1981    -113.3893
4145    -49.0990    -122.8385
4146      0.0000    -132.2876
4147     49.0990    -141.7367
4148     81.8317    -103.9402
4149    114.5644     -66.1438
4150    147.2971     -28.3473
4152    130.9307      18.8982
4153    114.5644      66.1438
4154    130.9307     151.1858
4155     81.8317     160.6349
4156     32.7327     170.0840
4157    -16.3663     179.5331
4158    -65.4654     188.9822
4160    -98.1981     151.1858
4161   -130.9307     113.3893
4162   -163.6634      75.5929
4163   -196.3961      37.7964
4164   -180.0298      -9.4491
4165   -163.6634     -56.6947
4166   -147.2971    -103.9402
4176   -130.9307    -151.1858
4177    -81.8317    -160.6349
4178    -32.7327    -170.0840
4179     16.3663    -179.5331
4180     65.4654    -188.9822
4181     98.1981    -151.1858
4182    130.9307    -113.3893
4192    163.6634     -75.5929
4193    196.3961     -37.7964
4194    180.0298       9.4491
4195    163.6634      56.6947
4196    147.2971     103.9402
4197    163.6634     188.9822
4198    114.5644     198.4313
4200     65.4654     207.8805
4201     16.3663     217.3296
4202    -32.7327     226.7787
4203    -81.8317     236.2278
4204   -114.5644     198.4313
4205   -147.2971     160.6349
4206   -180.0298     122.8385
4208   -212.7624      85.0420
4209   -245.4951      47.2456
4210   -229.1288       0.0000
4211   -212.7624     -47.2456
4212   -196.3961     -94.4911
4213   -180.0298    -141.7367
4214   -163.6634    -188.9822
4216   -114.5644    -198.4313
4217    -65.4654    -207.8805
4218    -16.3663    -217.3296
4219     32.7327    -226.7787
4220     81.8317    -236.2278
4221    114.5644    -198.4313
4222    147.2971    -160.6349
4224    180.0298    -122.8385
4225    212.7624     -85.0420
4226    245.4951     -47.2456
4227    229.1288       0.0000
4228    212.7624      47.2456
4229    196.3961      94.4911
4230    180.0298     141.7367
4232    196.3961     226.7787
4233    147.2971     236.2278
4234     98.1980     245.6769
4235     49.0990     255.1260
4236      0.0000     264.5751
4237    -49.0990     274.0242
4238    -98.1981     283.4734
4240   -130.9307     245.6769
4241   -163.6634     207.8805
4242   -196.3961     170.0840
4243   -229.1288     132.2876
4244   -261.8615      94.4911
4245   -294.5942      56.6947
4246   -278.2278       9.4491
4248   -261.8615     -37.7964
4249   -245.4951     -85.0420
4250   -229.1288    -132.2876
4251   -212.7624    -179.5331
4252   -196.3961    -226.7787
4253   -147.2971    -236.2278
4254    -98.1980    -245.6769
4256    -49.0990    -255.1260
4257      0.0000    -264.5751
4258     49.0990    -274.0242
4259     98.1981    -283.4734
4260    130.9307    -245.6769
4261    163.6634    -207.8805
4262    196.3961    -170.0840
4272    229.1288    -132.2876
4273    261.8615     -94.4911
4274    294.5942     -56.6947
4275    278.2278      -9.4491
4276    261.8615      37.7964
4277    245.4951      85.0420
4278    229.1288     132.2876
4280    212.7624     179.5331
4281    229.1288     264.5751
4282    180.0298     274.0242
4283    130.9307     283.4734
4284     81.8317     292.9225
4285     32.7327     302.3716
4286    -16.3663     311.8207
4288    -65.4654     321.2698
4289   -114.5644     330.7189
4290   -147.2971     292.9225
4291   -180.0298     255.1260
4292   -212.7624     217.3296
4293   -245.4951     179.5331
4294   -278.2278     141.7367
4296   -310.9605     103.9402
4297   -343.6932      66.1438
4298   -327.3268      18.8982
4299   -310.9605     -28.3473
4300   -294.5942     -75.5929
4301   -278.2278    -122.8385
4302   -261.8615    -170.0840
4304   -245.4951    -217.3296
4305   -229.1288    -264.5751
4306   -180.0298    -274.0242
4307   -130.9307    -283.4734
4308    -81.8317    -292.9225
4309    -32.7327    -302.3716
4310     16.3663    -311.8207
4312     65.4654    -321.2698
4313    114.5644    -330.7189
4314    147.2971    -292.9225
4315    180.0298    -255.1260
4316    212.7624    -217.3296
4317    245.4951    -179.5331
4318    278.2278    -141.7367
4320    310.9605    -103.9402
4321    343.6932     -66.1438
4322    327.3268     -18.8982
4323    310.9605      28.3473
4324    294.5942      75.5929
4325    278.2278     122.8385
4326    261.8615     170.0840
4264    245.4951     217.3296
4265    261.8615     302.3716
4266    212.7624     311.8207
4267    163.6634     321.2698
4268    114.5644     330.7189
4269     65.4654     340.1680
4270     16.3663     349.6171
4168    -32.7327     359.0662
4169    -81.8317     368.5154
4170   -130.9307     377.9645
4171   -163.6634     340.1680
4172   -196.3961     302.3716
4173   -229.1288     264.5751
4174   -261.8615     226.7787
4328   -294.5942     188.9822
4329   -327.3268     151.1858
4330   -360.0595     113.3893
4331   -392.7922      75.5929
4332   -376.4259      28.3473
4333   -360.0595     -18.8982
4334   -343.6932     -66.1438
4336   -327.3268    -113.3893
4337   -310.9605    -160.6349
4338   -294.5942    -207.8805
4339   -278.2278    -255.1260
4340   -261.8615    -302.3716
4341   -212.7624    -311.8207
4342   -163.6634    -321.2698
4344   -114.5644    -330.7189
4345    -65.4654    -340.1680
4346    -16.3663    -349.6171
4347     32.7327    -359.0662
4348     81.8317    -368.5154
4349    130.9307    -377.9645
4350    163.6634    -340.1680
4352    196.3961    -302.3716
4353    229.1288    -264.5751
4354    261.8615    -226.7787
4355    294.5942    -188.9822
4356    327.3268    -151.1858
4357    360.0595    -113.3893
4358    392.7922     -75.5929
4360    376.4259     -28.3473
4361    360.0595      18.8982
4362    343.6932      66.1438
4363    327.3268     113.3893
4364    310.9605     160.6349
4365    294.5942     207.8805
4366    278.2278     255.1260
4368    294.5942     340.1680
4369    245.4951     349.6171
4370    196.3961     359.0663
4371    147.2971     368.5154
4372     98.1980     377.9645
4373     49.0990     387.4136
4374      0.0000     396.8627
4376    -49.0990     406.3118
4377    -98.1981     415.7609
4378   -147.2971     425.2100
4379   -180.0298     387.4136
4380   -212.7624     349.6171
4381   -245.4951     311.8207
4382   -278.2278     274.0242
4384   -310.9605     236.2278
4385   -343.6932     198.4313
4386   -376.4259     160.6349
4387   -409.1585     122.8385
4388   -441.8912      85.0420
4389   -425.5249      37.7964
4390   -409.1585      -9.4491
4392   -392.7922     -56.6947
4393   -376.4259    -103.9402
4394   -360.0595    -151.1858
4395   -343.6932    -198.4313
4396   -327.3268    -245.6769
4397   -310.9605    -292.9225
4398   -294.5942    -340.1680
4400   -245.4951    -349.6171
4401   -196.3961    -359.0663
4402   -147.2971    -368.5154
4403    -98.1980    -377.9645
4404    -49.0990    -387.4136
4405      0.0000    -396.8627
4406     49.0990    -406.3118
4408     98.1981    -415.7609
4409    147.2971    -425.2100
4410    180.0298    -387.4136
4411    212.7624    -349.6171
4412    245.4951    -311.8207
4413    278.2278    -274.0242
4414    310.9605    -236.2278
4416    343.6932    -198.4313
4417    376.4259    -160.6349
4418    409.1585    -122.8385
4419    441.8912     -85.0420
4420    425.5249     -37.7964
4421    409.1585       9.4491
4422    392.7922      56.6947
4424    376.4259     103.9402
4425    360.0595     151.1858
4426    343.6932     198.4313
4427    327.3268     245.6769
4428    310.9605     292.9225
4429    327.3268     377.9645
4430    278.2278     387.4136
4432    229.1288     396.8627
4433    180.0298     406.3118
4434    130.9307     415.7609
4435     81.8317     425.2100
4436     32.7327     434.6591
4437    -16.3663     444.1083
4438    -65.4654     453.5574
4440   -114.5644     463.0065
4441   -163.6634     472.4556
4442   -196.3961     434.6591
4443   -229.1288     396.8627
4444   -261.8615     359.0662
4445   -294.5942     321.2698
4446   -327.3268     283.4734
4448   -360.0595     245.6769
4449   -392.7922     207.8805
4450   -425.5249     170.0840
4451   -458.2576     132.2876
4452   -490.9903      94.4911
4453   -474.6239      47.2456
4454   -458.2576       0.0000
4456   -441.8912     -47.2456
4457   -425.5249     -94.4911
4458   -409.1585    -141.7367
4459   -392.7922    -188.9822
4460   -376.4259    -236.2278
4461   -360.0595    -283.4734
4462   -343.6932    -330.7189
4184   -327.3268    -377.9645
4185   -278.2278    -387.4136
4186   -229.1288    -396.8627
4187   -180.0298    -406.3118
4188   -130.9307    -415.7609
4189    -81.8317    -425.2100
4190    -32.7327    -434.6591
3088     16.3663    -444.1083
3089     65.4654    -453.5574
3090    114.5644    -463.0065
3091    163.6634    -472.4556
3092    196.3961    -434.6591
3093    229.1288    -396.8627
3094    261.8615    -359.0662
3104    294.5942    -321.2698
3105    327.3268    -283.4734
3106    360.0595    -245.6769
3107    392.7922    -207.8805
3108    425.5249    -170.0840
3109    458.2576    -132.2876
3110    490.9903     -94.4911
3096    474.6239     -47.2456
3097    458.2576       0.0000
3098    441.8912      47.2456
3099    425.5249      94.4911
3100    409.1585     141.7367
3101    392.7922     188.9822
3102    376.4259     236.2278
3112    360.0595     283.4734
3113    343.6932     330.7189
3114    360.0595     415.7609
3115    310.9605     425.2100
3116    261.8615     434.6591
3117    212.7624     444.1083
3118    163.6634     453.5574
3128    114.5644     463.0065
3129     65.4654     472.4556
3130     16.3663     481.9047
3131    -32.7327     491.3538
3132    -81.8317     500.8029
3133   -130.9307     510.2520
3134   -180.0298     519.7011
3120   -212.7624     481.9047
3121   -245.4951     444.1083
3122   -278.2278     406.3118
3123   -310.9605     368.5154
3124   -343.6932     330.7189
3125   -376.4259     292.9225
3126   -409.1585     255.1260
3144   -441.8912     217.3296
3145   -474.6239     179.5331
3146   -507.3566     141.7367
3147   -540.0893     103.9402
3148   -523.7229      56.6947
3149   -507.3566       9.4491
3150   -490.9903     -37.7964
3152   -474.6239     -85.0420
3153   -458.2576    -132.2876
3154   -441.8912    -179.5331
3155   -425.5249    -226.7787
3156   -409.1585    -274.0242
3157   -392.7922    -321.2698
3158   -376.4259    -368.5154
3160   -360.0595    -415.7609
3161   -310.9605    -425.2100
3162   -261.8615    -434.6591
3163   -212.7624    -444.1083
3164   -163.6634    -453.5574
3165   -114.5644    -463.0065
3166    -65.4654    -472.4556
3176    -16.3663    -481.9047
3177     32.7327    -491.3538
3178     81.8317    -500.8029
3179    130.9307    -510.2520
3180    180.0298    -519.7011
3181    212.7624    -481.9047
3182    245.4951    -444.1083
3184    278.2278    -406.3118
3185    310.9605    -368.5154
3186    343.6932    -330.7189
3187    376.4259    -292.9225
3188    409.1585    -255.1260
3189    441.8912    -217.3296
3190    474.6239    -179.5331
3168    507.3566    -141.7367
3169    540.0893    -103.9402
3170    523.7229     -56.6947
3171    507.3566      -9.4491
3172    490.9903      37.7964
3173    474.6239      85.0420
3174    458.2576     132.2876
3192    441.8912     179.5331
3193    425.5249     226.7787
3194    409.1585     274.0242
3195    392.7922     321.2698
3196    376.4259     368.5154
3197    392.7922     453.5574
3198    343.6932     463.0065
3200    294.5942     472.4556
3201    245.4951     481.9047
3202    196.3961     491.3538
3203    147.2971     500.8029
3204     98.1980     510.2520
3205     49.0990     519.7012
3206      0.0000     529.1503
3208    -49.0990     538.5994
3209    -98.1981     548.0485
3210   -147.2971     557.4976
3211   -196.3961     566.9467
3212   -229.1288     529.1503
3213   -261.8615     491.3538
3214   -294.5942     453.5574
3216   -327.3268     415.7609
3217   -360.0595     377.9645
3218   -392.7922     340.1680
3219   -425.5249     302.3716
3220   -458.2576     264.5751
3221   -490.9903     226.7787
3222   -523.7229     188.9822
3232   -556.4556     151.1858
3233   -589.1883     113.3893
3234   -572.8220      66.1438
3235   -556.4556      18.8982
3236   -540.0893     -28.3473
3237   -523.7229     -75.5929
3238   -507.3566    -122.8385
3240   -490.9903    -170.0840
3241   -474.6239    -217.3296
3242   -458.2576    -264.5751
3243   -441.8912    -311.8207
3244   -425.5249    -359.0663
3245   -409.1585    -406.3118
3246   -392.7922    -453.5574
3224   -343.6932    -463.0065
3225   -294.5942    -472.4556
3226   -245.4951    -481.9047
3227   -196.3961    -491.3538
3228   -147.2971    -500.8029
3229    -98.1980    -510.2520
3230    -49.0990    -519.7012
3248      0.0000    -529.1503
3249     49.0990    -538.5994
3250     98.1981    -548.0485
3251    147.2971    -557.4976
3252    196.3961    -566.9467
3253    229.1288    -529.1503
3254    261.8615    -491.3538
3256    294.5942    -453.5574
3257    327.3268    -415.7609
3258    360.0595    -377.9645
3259    392.7922    -340.1680
3260    425.5249    -302.3716
3261    458.2576    -264.5751
3262    490.9903    -226.7787
3264    523.7229    -188.9822
3265    556.4556    -151.1858
3266    589.1883    -113.3893
3267    572.8220     -66.1438
3268    556.4556     -18.8982
3269    540.0893      28.3473
3270    523.7229      75.5929
3272    507.3566     122.8385
3273    490.9903     170.0840
3274    474.6239     217.3296
3275    458.2576     264.5751
3276    441.8912     311.8207
3277    425.5249     359.0663
3278    409.1585     406.3118
3280    425.5249     491.3538
3281    376.4259     500.8029
3282    327.3268     510.2520
3283    278.2278     519.7012
3284    229.1288     529.1503
3285    180.0298     538.5994
3286    130.9307     548.0485
3288     81.8317     557.4976
3289     32.7327     566.9467
3290    -16.3663     576.3958
3291    -65.4654     585.8449
3292   -114.5644     595.2940
3293   -163.6634     604.7432
3294   -212.7624     614.1923
3296   -245.4951     576.3958
3297   -278.2278     538.5994
3298   -310.9605     500.8029
3299   -343.6932     463.0065
3300   -376.4259     425.2100
3301   -409.1585     387.4136
3302   -441.8912     349.6171
3304   -474.6239     311.8207
3305   -507.3566     274.0242
3306   -540.0893     236.2278
3307   -572.8220     198.4313
3308   -605.5546     160.6349
3309   -638.2873     122.8385
3310   -621.9210      75.5929
3312   -605.5546      28.3473
3313   -589.1883     -18.8982
3314   -572.8220     -66.1438
3315   -556.4556    -113.3893
3316   -540.0893    -160.6349
3317   -523.7229    -207.8805
3318   -507.3566    -255.1260
3320   -490.9903    -302.3716
3321   -474.6239    -349.6171
3322   -458.2576    -396.8627
3323   -441.8912    -444.1083
3324   -425.5249    -491.3538
3325   -376.4259    -500.8029
3326   -327.3268    -510.2520
3328   -278.2278    -519.7012
3329   -229.1288    -529.1503
3330   -180.0298    -538.5994
3331   -130.9307    -548.0485
3332    -81.8317    -557.4976
3333    -32.7327    -566.9467
3334     16.3663    -576.3958
3336     65.4654    -585.8449
3337    114.5644    -595.2940
3338    163.6634    -604.7432
3339    212.7624    -614.1923
3340    245.4951    -576.3958
3341    278.2278    -538.5994
3342    310.9605    -500.8029
3344    343.6932    -463.0065
3345    376.4259    -425.2100
3346    409.1585    -387.4136
3347    441.8912    -349.6171
3348    474.6239    -311.8207
3349    507.3566    -274.0242
3350    540.0893    -236.2278
3352    572.8220    -198.4313
3353    605.5546    -160.6349
3354    638.2873    -122.8385
3355    621.9210     -75.5929
3356    605.5546     -28.3473
3357    589.1883      18.8982
3358    572.8220      66.1438
3360    556.4556     113.3893
3361    540.0893     160.6349
3362    523.7229     207.8805
3363    507.3566     255.1260
3364    490.9903     302.3716
3365    474.6239     349.6171
3366    458.2576     396.8627
3368    441.8912     444.1083
3369    458.2576     529.1503
3370    409.1585     538.5994
3371    360.0595     548.0485
3372    310.9605     557.4976
3373    261.8615     566.9467
3374    212.7624     576.3958
3376    163.6634     585.8449
3377    114.5644     595.2940
3378     65.4654     604.7432
3379     16.3663     614.1923
3380    -32.7327     623.6414
3381    -81.8317     633.0905
3382   -130.9307     642.5396
3384   -180.0298     651.9887
3385   -229.1288     661.4378
3386   -261.8615     623.6414
3387   -294.5942     585.8449
3388   -327.3268     548.0485
3389   -360.0595     510.2520
3390   -392.7922     472.4556
3392   -425.5249     434.6591
3393   -458.2576     396.8627
3394   -490.9903     359.0662
3395   -523.7229     321.2698
3396   -556.4556     283.4734
3397   -589.1883     245.6769
3398   -621.9210     207.8805
3400   -654.6537     170.0840
3401   -687.3864     132.2876
3402   -671.0200      85.0420
3403   -654.6537      37.7964
3404   -638.2873      -9.4491
3405   -621.9210     -56.6947
3406   -605.5546    -103.9402
3408   -589.1883    -151.1858
3409   -572.8220    -198.4314
3410   -556.4556    -245.6769
3411   -540.0893    -292.9225
3412   -523.7229    -340.1680
3413   -507.3566    -387.4136
3414   -490.9903    -434.6591
3416   -474.6239    -481.9047
3417   -458.2576    -529.1503
3418   -409.1585    -538.5994
3419   -360.0595    -548.0485
3420   -310.9605    -557.4976
3421   -261.8615    -566.9467
3422   -212.7624    -576.3958
3424   -163.6634    -585.8449
3425   -114.5644    -595.2940
3426    -65.4654    -604.7432
3427    -16.3663    -614.1923
3428     32.7327    -623.6414
3429     81.8317    -633.0905
3430    130.9307    -642.5396
3432    180.0298    -651.9887
3433    229.1288    -661.4378
3434    261.8615    -623.6414
3435    294.5942    -585.8449
3436    327.3268    -548.0485
3437    360.0595    -510.2520
3438    392.7922    -472.4556
3440    425.5249    -434.6591
3441    458.2576    -396.8627
3442    490.9903    -359.0662
3443    523.7229    -321.2698
3444    556.4556    -283.4734
3445    589.1883    -245.6769
3446    621.9210    -207.8805
3448    654.6537    -170.0840
3449    687.3864    -132.2876
3450    671.0200     -85.0420
3451    654.6537     -37.7964
3452    638.2873       9.4491
3453    621.9210      56.6947
3454    605.5546     103.9402
2064    589.1883     151.1858
2065    572.8220     198.4314
2066    556.4556     245.6769
2067    540.0893     292.9225
2068    523.7229     340.1680
2069    507.3566     387.4136
2070    490.9903     434.6591
2072    474.6239     481.9047
2073    490.9903     566.9467
2074    441.8912     576.3958
2075    392.7922     585.8449
2076    343.6932     595.2940
2077    294.5941     604.7432
2078    245.4951     614.1923
2080    196.3961     623.6414
2081    147.2971     633.0905
2082     98.1980     642.5396
2083     49.0990     651.9887
2084      0.0000     661.4378
2085    -49.0990     670.8869
2086    -98.1981     680.3361
2088   -147.2971     689.7852
2089   -196.3961     699.2343
2090   -245.4951     708.6834
2091   -278.2278     670.8869
2092   -310.9605     633.0905
2093   -343.6932     595.2940
2094   -376.4259     557.4976
2104   -409.1585     519.7011
2105   -441.8912     481.9047
2106   -474.6239     444.1083
2107   -507.3566     406.3118
2108   -540.0893     368.5154
2109   -572.8220     330.7189
2110   -605.5546     292.9225
2112   -638.2873     255.1260
2113   -671.0200     217.3296
2114   -703.7527     179.5331
2115   -736.4854     141.7367
2116   -720.1190      94.4911
2117   -703.7527      47.2456
2118   -687.3864       0.0000
2120   -671.0200     -47.2456
2121   -654.6537     -94.4911
2122   -638.2873    -141.7367
2123   -621.9210    -188.9822
2124   -605.5546    -236.2278
2125   -589.1883    -283.4734
2126   -572.8220    -330.7189
2128   -556.4556    -377.9645
2129   -540.0893    -425.2100
2130   -523.7229    -472.4556
2131   -507.3566    -519.7012
2132   -490.9903    -566.9467
2133   -441.8912    -576.3958
2134   -392.7922    -585.8449
2136   -343.6932    -595.2940
2137   -294.5941    -604.7432
2138   -245.4951    -614.1923
2139   -196.3961    -623.6414
2140   -147.2971    -633.0905
2141    -98.1980    -642.5396
2142    -49.0990    -651.9887
2144      0.0000    -661.4378
2145     49.0990    -670.8869
2146     98.1981    -680.3361
2147    147.2971    -689.7852
2148    196.3961    -699.2343
2149    245.4951    -708.6834
2150    278.2278    -670.8869
2152    310.9605    -633.0905
2153    343.6932    -595.2940
2154    376.4259    -557.4976
2155    409.1585    -519.7011
2156    441.8912    -481.9047
2157    474.6239    -444.1083
2158    507.3566    -406.3118
2160    540.0893    -368.5154
2161    572.8220    -330.7189
2162    605.5546    -292.9225
2163    638.2873    -255.1260
2164    671.0200    -217.3296
2165    703.7527    -179.5331
2166    736.4854    -141.7367
2168    720.1190     -94.4911
2169    703.7527     -47.2456
2170    687.3864       0.0000
2171    671.0200      47.2456
2172    654.6537      94.4911
2173    638.2873     141.7367
2174    621.9210     188.9822
2176    605.5546     236.2278
2177    589.1883     283.4734
2178    572.8220     330.7189
2179    556.4556     377.9645
2180    540.0893     425.2100
2181    523.7229     472.4556
2182    507.3566     519.7012
2184    523.7229     604.7432
2185    474.6239     614.1923
2186    425.5249     623.6414
2187    376.4259     633.0905
2188    327.3268     642.5396
2189    278.2278     651.9887
2190    229.1288     661.4378
2192    180.0298     670.8869
2193    130.9307     680.3361
2194     81.8317     689.7852
2195     32.7327     699.2343
2196    -16.3663     708.6834
2197    -65.4654     718.1325
2198   -114.5644     727.5816
2200   -163.6634     737.0307
2201   -212.7624     746.4798
2202   -261.8615     755.9289
2203   -294.5942     718.1325
2204   -327.3268     680.3361
2205   -360.0595     642.5396
2206   -392.7922     604.7432
2208   -425.5249     566.9467
2209   -458.2576     529.1503
2210   -490.9903     491.3538
2211   -523.7229     453.5574
2212   -556.4556     415.7609
2213   -589.1883     377.9645
2214   -621.9210     340.1680
2216   -654.6537     302.3716
2217   -687.3864     264.5751
2218   -720.1190     226.7787
2219   -752.8517     188.9822
2220   -785.5844     151.1858
2221   -769.2181     103.9402
2222   -752.8517      56.6947
2224   -736.4854       9.4491
2225   -720.1190     -37.7965
2226   -703.7527     -85.0420
2227   -687.3864    -132.2876
2228   -671.0200    -179.5331
2229   -654.6537    -226.7787
2230   -638.2873    -274.0242
2232   -621.9210    -321.2698
2233   -605.5546    -368.5154
2234   -589.1883    -415.7609
2235   -572.8220    -463.0065
2236   -556.4556    -510.2520
2237   -540.0893    -557.4976
2238   -523.7229    -604.7432
2240   -474.6239    -614.1923
2241   -425.5249    -623.6414
2242   -376.4259    -633.0905
2243   -327.3268    -642.5396
2244   -278.2278    -651.9887
2245   -229.1288    -661.4378
2246   -180.0298    -670.8869
2248   -130.9307    -680.3361
2249    -81.8317    -689.7852
2250    -32.7327    -699.2343
2251     16.3663    -708.6834
2252     65.4654    -718.1325
2253    114.5644    -727.5816
2254    163.6634    -737.0307
2256    212.7624    -746.4798
2257    261.8615    -755.9289
2258    294.5942    -718.1325
2259    327.3268    -680.3361
2260    360.0595    -642.5396
2261    392.7922    -604.7432
2262    425.5249    -566.9467
2264    458.2576    -529.1503
2265    490.9903    -491.3538
2266    523.7229    -453.5574
2267    556.4556    -415.7609
2268    589.1883    -377.9645
2269    621.9210    -340.1680
2270    654.6537    -302.3716
2272    687.3864    -264.5751
2273    720.1190    -226.7787
2274    752.8517    -188.9822
2275    785.5844    -151.1858
2276    769.2181    -103.9402
2277    752.8517     -56.6947
2278    736.4854      -9.4491
2280    720.1190      37.7965
2281    703.7527      85.0420
2282    687.3864     132.2876
2283    671.0200     179.5331
2284    654.6537     226.7787
2285    638.2873     274.0242
2286    621.9210     321.2698
2288    605.5546     368.5154
2289    589.1883     415.7609
2290    572.8220     463.0065
2291    556.4556     510.2520
2292    540.0893     557.4976
2293    556.4556     642.5396
2294    507.3566     651.9887
2296    458.2576     661.4378
2297    409.1585     670.8869
2298    360.0595     680.3361
2299    310.9605     689.7852
2300    261.8615     699.2343
2301    212.7624     708.6834
2302    163.6634     718.1325
2304    114.5644     727.5816
2305     65.4654     737.0307
2306     16.3663     746.4798
2307    -32.7327     755.9289
2308    -81.8317     765.3781
2309   -130.9307     774.8272
2310   -180.0298     784.2763
2312   -229.1288     793.7254
2313   -278.2278     803.1745
2314   -310.9605     765.3781
2315   -343.6932     727.5816
2316   -376.4259     689.7852
2317   -409.1585     651.9887
2318   -441.8912     614.1923
2320   -474.6239     576.3958
2321   -507.3566     538.5994
2322   -540.0893     500.8029
2323   -572.8220     463.0065
2324   -605.5546     425.2100
2325   -638.2873     387.4136
2326   -671.0200     349.6171
2328   -703.7527     311.8207
2329   -736.4854     274.0242
2330   -769.2181     236.2278
2331   -801.9507     198.4313
2332   -834.6834     160.6349
2333   -818.3171     113.3893
2334   -801.9507      66.1438
2336   -785.5844      18.8982
2337   -769.2181     -28.3473
2338   -752.8517     -75.5929
2339   -736.4854    -122.8385
2340   -720.1190    -170.0840
2341   -703.7527    -217.3296
2342   -687.3864    -264.5751
2344   -671.0200    -311.8207
2345   -654.6537    -359.0663
2346   -638.2873    -406.3118
2347   -621.9210    -453.5574
2348   -605.5546    -500.8029
2349   -589.1883    -548.0485
2350   -572.8220    -595.2940
7176   -556.4556    -642.5396
7177   -507.3566    -651.9887
7178   -458.2576    -661.4378
7179   -409.1585    -670.8869
7180   -360.0595    -680.3361
7181   -310.9605    -689.7852
7182   -261.8615    -699.2343
7184   -212.7624    -708.6834
7185   -163.6634    -718.1325
7186   -114.5644    -727.5816
7187    -65.4654    -737.0307
7188    -16.3663    -746.4798
7189     32.7327    -755.9289
7190     81.8317    -765.3781
7192    130.9307    -774.8272
7193    180.0298    -784.2763
7194    229.1288    -793.7254
7195    278.2278    -803.1745
7196    310.9605    -765.3781
7197    343.6932    -727.5816
7198    376.4259    -689.7852
7200    409.1585    -651.9887
7201    441.8912    -614.1923
7202    474.6239    -576.3958
7203    507.3566    -538.5994
7204    540.0893    -500.8029
7205    572.8220    -463.0065
7206    605.5546    -425.2100
7208    638.2873    -387.4136
7209    671.0200    -349.6171
7210    703.7527    -311.8207
7211    736.4854    -274.0242
7212    769.2181    -236.2278
7213    801.9507    -198.4313
7214    834.6834    -160.6349
7216    818.3171    -113.3893
7217    801.9507     -66.1438
7218    785.5844     -18.8982
7219    769.2181      28.3473
7220    752.8517      75.5929
7221    736.4854     122.8385
7222    720.1190     170.0840
7224    703.7527     217.3296
7225    687.3864     264.5751
7226    671.0200     311.8207
7227    654.6537     359.0663
7228    638.2873     406.3118
7229    621.9210     453.5574
7230    605.5546     500.8029
2352    589.1883     548.0485
2353    572.8220     595.2940
2354    589.1883     680.3361
2355    540.0893     689.7852
2356    490.9903     699.2343
2357    441.8912     708.6834
2358    392.7922     718.1325
2360    343.6932     727.5816
2361    294.5941     737.0307
2362    245.4951     746.4798
2363    196.3961     755.9289
2364    147.2971     765.3781
2365     98.1980     774.8272
2366     49.0990     784.2763
2368      0.0000     793.7254
2369    -49.0990     803.1745
2370    -98.1981     812.6236
2371   -147.2971     822.0727
2372   -196.3961     831.5218
2373   -245.4951     840.9710
2374   -294.5942     850.4201
2376   -327.3268     812.6236
2377   -360.0595     774.8272
2378   -392.7922     737.0307
2379   -425.5249     699.2343
2380   -458.2576     661.4378
2381   -490.9903     623.6414
2382   -523.7229     585.8449
2384   -556.4556     548.0485
2385   -589.1883     510.2520
2386   -621.9210     472.4556
2387   -654.6537     434.6591
2388   -687.3864     396.8627
2389   -720.1190     359.0662
2390   -752.8517     321.2698
2392   -785.5844     283.4734
2393   -818.3171     245.6769
2394   -851.0498     207.8805
2395   -883.7825     170.0840
2396   -867.4161     122.8385
2397   -851.0498      75.5929
2398   -834.6834      28.3473
2408   -818.3171     -18.8982
2409   -801.9507     -66.1438
2410   -785.5844    -113.3893
2411   -769.2181    -160.6349
2412   -752.8517    -207.8805
2413   -736.4854    -255.1260
2414   -720.1190    -302.3716
2416   -703.7527    -349.6171
2417   -687.3864    -396.8627
2418   -671.0200    -444.1083
2419   -654.6537    -491.3538
2420   -638.2873    -538.5994
2421   -621.9210    -585.8449
2422   -605.5546    -633.0905
2424   -589.1883    -680.3361
2425   -540.0893    -689.7852
2426   -490.9903    -699.2343
2427   -441.8912    -708.6834
2428   -392.7922    -718.1325
2429   -343.6932    -727.5816
2430   -294.5941    -737.0307
2432   -245.4951    -746.4798
2433   -196.3961    -755.9289
2434   -147.2971    -765.3781
2435    -98.1980    -774.8272
2436    -49.0990    -784.2763
2437      0.0000    -793.7254
2438     49.0990    -803.1745
7232     98.1981    -812.6236
7233    147.2971    -822.0727
7234    196.3961    -831.5218
7235    245.4951    -840.9710
7236    294.5942    -850.4201
7237    327.3268    -812.6236
7238    360.0595    -774.8272
7240    392.7922    -737.0307
7241    425.5249    -699.2343
7242    458.2576    -661.4378
7243    490.9903    -623.6414
7244    523.7229    -585.8449
7245    556.4556    -548.0485
7246    589.1883    -510.2520
7248    621.9210    -472.4556
7249    654.6537    -434.6591
7250    687.3864    -396.8627
7251    720.1190    -359.0662
7252    752.8517    -321.2698
7253    785.5844    -283.4734
7254    818.3171    -245.6769
7256    851.0498    -207.8805
7257    883.7825    -170.0840
7258    867.4161    -122.8385
7259    851.0498     -75.5929
7260    834.6834     -28.3473
7261    818.3171      18.8982
7262    801.9507      66.1438
7264    785.5844     113.3893
7265    769.2181     160.6349
7266    752.8517     207.8805
7267    736.4854     255.1260
7268    720.1190     302.3716
7269    703.7527     349.6171
7270    687.3864     396.8627
7272    671.0200     444.1083
7273    654.6537     491.3538
7274    638.2873     538.5994
7275    621.9210     585.8449
7276    605.5546     633.0905
7277    621.9210     718.1325
7278    572.8220     727.5816
7280    523.7229     737.0307
7281    474.6239     746.4798
7282    425.5249     755.9289
7283    376.4259     765.3781
7284    327.3268     774.8272
7285    278.2278     784.2763
7286    229.1288     793.7254
7288    180.0298     803.1745
7289    130.9307     812.6236
7290     81.8317     822.0727
7291     32.7327     831.5218
7292    -16.3663     840.9710
7293    -65.4654     850.4201
7294   -114.5644     859.8692
7296   -163.6634     869.3183
7297   -212.7624     878.7674
7298   -261.8615     888.2165
7299   -310.9605     897.6656
7300   -343.6932     859.8692
7301   -376.4259     822.0727
7302   -409.1585     784.2763
7304   -441.8912     746.4798
7305   -474.6239     708.6834
7306   -507.3566     670.8869
7307   -540.0893     633.0905
7308   -572.8220     595.2940
7309   -605.5546     557.4976
7310   -638.2873     519.7011
7312   -671.0200     481.9047
7313   -703.7527     444.1083
7314   -736.4854     406.3118
7315   -769.2181     368.5154
7316   -801.9507     330.7189
7317   -834.6834     292.9225
7318   -867.4161     255.1260
7320   -900.1488     217.3296
7321   -932.8815     179.5331
7322   -916.5151     132.2876
7323   -900.1488      85.0420
7324   -883.7825      37.7964
7325   -867.4161      -9.4491
7326   -851.0498     -56.6947
7328   -834.6834    -103.9402
7329   -818.3171    -151.1858
7330   -801.9507    -198.4314
7331   -785.5844    -245.6769
7332   -769.2181    -292.9225
7333   -752.8517    -340.1680
7334   -736.4854    -387.4136
7336   -720.1190    -434.6591
7337   -703.7527    -481.9047
7338   -687.3864    -529.1503
7339   -671.0200    -576.3958
7340   -654.6537    -623.6414
7341   -638.2873    -670.8869
7342   -621.9210    -718.1325
7344   -572.8220    -727.5816
7345   -523.7229    -737.0307
7346   -474.6239    -746.4798
7347   -425.5249    -755.9289
7348   -376.4259    -765.3781
7349   -327.3268    -774.8272
7350   -278.2278    -784.2763
7352   -229.1288    -793.7254
7353   -180.0298    -803.1745
7354   -130.9307    -812.6236
7355    -81.8317    -822.0727
7356    -32.7327    -831.5218
7357     16.3663    -840.9710
7358     65.4654    -850.4201
7360    114.5644    -859.8692
7361    163.6634    -869.3183
7362    212.7624    -878.7674
7363    261.8615    -888.2165
7364    310.9605    -897.6656
7365    343.6932    -859.8692
7366    376.4259    -822.0727
7368    409.1585    -784.2763
7369    441.8912    -746.4798
7370    474.6239    -708.6834
7371    507.3566    -670.8869
7372    540.0893    -633.0905
7373    572.8220    -595.2940
7374    605.5546    -557.4976
7376    638.2873    -519.7011
7377    671.0200    -481.9047
7378    703.7527    -444.1083
7379    736.4854    -406.3118
7380    769.2181    -368.5154
7381    801.9507    -330.7189
7382    834.6834    -292.9225
7384    867.4161    -255.1260
7385    900.1488    -217.3296
7386    932.8815    -179.5331
7387    916.5151    -132.2876
7388    900.1488     -85.0420
7389    883.7825     -37.7964
7390    867.4161       9.4491
7392    851.0498      56.6947
7393    834.6834     103.9402
7394    818.3171     151.1858
7395    801.9507     198.4314
7396    785.5844     245.6769
7397    769.2181     292.9225
7398    752.8517     340.1680
7400    736.4854     387.4136
7401    720.1190     434.6591
7402    703.7527     481.9047
7403    687.3864     529.1503
7404    671.0200     576.3958
7405    654.6537     623.6414
7406    638.2873     670.8869
7408    654.6537     755.9289
7409    605.5546     765.3781
7410    556.4556     774.8272
7411    507.3566     784.2763
7412    458.2576     793.7254
7413    409.1585     803.1745
7414    360.0595     812.6236
7416    310.9605     822.0727
7417    261.8615     831.5218
7418    212.7624     840.9710
7419    163.6634     850.4201
7420    114.5644     859.8692
7421     65.4654     869.3183
7422     16.3663     878.7674
7424    -32.7327     888.2165
7425    -81.8317     897.6656
7426   -130.9307     907.1147
7427   -180.0298     916.5638
7428   -229.1288     926.0130
7429   -278.2278     935.4621
7430   -327.3268     944.9112
7432   -360.0595     907.1147
7433   -392.7922     869.3183
7434   -425.5249     831.5218
7435   -458.2576     793.7254
7436   -490.9903     755.9289
7437   -523.7229     718.1325
7438   -556.4556     680.3360
7464   -589.1883     642.5396
7465   -621.9210     604.7432
7466   -654.6537     566.9467
7467   -687.3864     529.1503
7468   -720.1190     491.3538
7469   -752.8517     453.5574
7470   -785.5844     415.7609
7440   -818.3171     377.9645
7441   -851.0498     340.1680
7442   -883.7825     302.3716
7443   -916.5151     264.5751
7444   -949.2478     226.7787
7445   -981.9805     188.9822
7446   -965.6142     141.7367
7480   -949.2478      94.4911
7481   -932.8815      47.2456
7482   -916.5151       0.0000
7483   -900.1488     -47.2456
7484   -883.7825     -94.4911
7485   -867.4161    -141.7367
7486   -851.0498    -188.9822
7448   -834.6834    -236.2278
7449   -818.3171    -283.4734
7450   -801.9507    -330.7189
7451   -785.5844    -377.9645
7452   -769.2181    -425.2100
7453   -752.8517    -472.4556
7454   -736.4854    -519.7012
7472   -720.1190    -566.9467
7473   -703.7527    -614.1923
7474   -687.3864    -661.4378
7475   -671.0200    -708.6834
7476   -654.6537    -755.9289
7477   -605.5546    -765.3781
7478   -556.4556    -774.8272
7456   -507.3566    -784.2763
7457   -458.2576    -793.7254
7458   -409.1585    -803.1745
7459   -360.0595    -812.6236
7460   -310.9605    -822.0727
7461   -261.8615    -831.5218
7462   -212.7624    -840.9710
7488   -163.6634    -850.4201
7489   -114.5644    -859.8692
7490    -65.4654    -869.3183
7491    -16.3663    -878.7674
7492     32.7327    -888.2165
7493     81.8317    -897.6656
7494    130.9307    -907.1147
7496    180.0298    -916.5638
7497    229.1288    -926.0130
7498    278.2278    -935.4621
7499    327.3268    -944.9112
7500    360.0595    -907.1147
7501    392.7922    -869.3183
7502    425.5249    -831.5218
7504    458.2576    -793.7254
7505    490.9903    -755.9289
7506    523.7229    -718.1325
7507    556.4556    -680.3360
7508    589.1883    -642.5396
7509    621.9210    -604.7432
7510    654.6537    -566.9467
6160    687.3864    -529.1503
6161    720.1190    -491.3538
6162    752.8517    -453.5574
6163    785.5844    -415.7609
6164    818.3171    -377.9645
6165    851.0498    -340.1680
6166    883.7825    -302.3716
6168    916.5151    -264.5751
6169    949.2478    -226.7787
6170    981.9805    -188.9822
6171    965.6142    -141.7367
6172    949.2478     -94.4911
6173    932.8815     -47.2456
6174    916.5151       0.0000
6176    900.1488      47.2456
6177    883.7825      94.4911
6178    867.4161     141.7367
6179    851.0498     188.9822
6180    834.6834     236.2278
6181    818.3171     283.4734
6182    801.9507     330.7189
6184    785.5844     377.9645
6185    769.2181     425.2100
6186    752.8517     472.4556
6187    736.4854     519.7012
6188    720.1190     566.9467
6189    703.7527     614.1923
6190    687.3864     661.4378
6192    671.0200     708.6834
6193    687.3864     793.7254
6194    638.2873     803.1745
6195    589.1883     812.6236
6196    540.0893     822.0727
6197    490.9902     831.5218
6198    441.8912     840.9710
6200    392.7922     850.4201
6201    343.6932     859.8692
6202    294.5941     869.3183
6203    245.4951     878.7674
6204    196.3961     888.2165
6205    147.2971     897.6656
6206     98.1980     907.1147
6208     49.0990     916.5638
6209      0.0000     926.0130
6210    -49.0990     935.4621
6211    -98.1981     944.9112
6212   -147.2971     954.3603
6213   -196.3961     963.8094
6214   -245.4951     973.2585
6216   -294.5942     982.7076
6217   -343.6932     992.1567
6218   -376.4259     954.3603
6219   -409.1585     916.5638
6220   -441.8912     878.7674
6221   -474.6239     840.9710
6222   -507.3566     803.1745
6224   -540.0893     765.3781
6225   -572.8220     727.5816
6226   -605.5546     689.7852
6227   -638.2873     651.9887
6228   -671.0200     614.1923
6229   -703.7527     576.3958
6230   -736.4854     538.5994
6232   -769.2181     500.8029
6233   -801.9507     463.0065
6234   -834.6834     425.2100
6235   -867.4161     387.4136
6236   -900.1488     349.6171
6237   -932.8815     311.8207
6238   -965.6142     274.0242
6240   -998.3468     236.2278
6241  -1031.0795     198.4313
6242  -1014.7132     151.1858
6243   -998.3468     103.9402
6244   -981.9805      56.6947
6245   -965.6142       9.4491
6246   -949.2478     -37.7965
6248   -932.8815     -85.0420
6249   -916.5151    -132.2876
6250   -900.1488    -179.5331
6251   -883.7825    -226.7787
6252   -867.4161    -274.0242
6253   -851.0498    -321.2698
6254   -834.6834    -368.5154
6256   -818.3171    -415.7609
6257   -801.9507    -463.0065
6258   -785.5844    -510.2520
6259   -769.2181    -557.4976
6260   -752.8517    -604.7432
6261   -736.4854    -651.9887
6262   -720.1190    -699.2343
6264   -703.7527    -746.4798
6265   -687.3864    -793.7254
6266   -638.2873    -803.1745
6267   -589.1883    -812.6236
6268   -540.0893    -822.0727
6269   -490.9902    -831.5218
6270   -441.8912    -840.9710
6272   -392.7922    -850.4201
6273   -343.6932    -859.8692
6274   -294.5941    -869.3183
6275   -245.4951    -878.7674
6276   -196.3961    -888.2165
6277   -147.2971    -897.6656
6278    -98.1980    -907.1147
6280    -49.0990    -916.5638
6281      0.0000    -926.0130
6282     49.0990    -935.4621
6283     98.1981    -944.9112
6284    147.2971    -954.3603
6285    196.3961    -963.8094
6286    245.4951    -973.2585
6288    294.5942    -982.7076
6289    343.6932    -992.1567
6290    376.4259    -954.3603
6291    409.1585    -916.5638
6292    441.8912    -878.7674
6293    474.6239    -840.9710
6294    507.3566    -803.1745
6296    540.0893    -765.3781
6297    572.8220    -727.5816
6298    605.5546    -689.7852
6299    638.2873    -651.9887
6300    671.0200    -614.1923
6301    703.7527    -576.3958
6302    736.4854    -538.5994
6304    769.2181    -500.8029
6305    801.9507    -463.0065
6306    834.6834    -425.2100
6307    867.4161    -387.4136
6308    900.1488    -349.6171
6309    932.8815    -311.8207
6310    965.6142    -274.0242
6312    998.3468    -236.2278
6313   1031.0795    -198.4313
6314   1014.7132    -151.1858
6315    998.3468    -103.9402
6316    981.9805     -56.6947
6317    965.6142      -9.4491
6318    949.2478      37.7965
6320    932.8815      85.0420
6321    916.5151     132.2876
6322    900.1488     179.5331
6323    883.7825     226.7787
6324    867.4161     274.0242
6325    851.0498     321.2698
6326    834.6834     368.5154
6328    818.3171     415.7609
6329    801.9507     463.0065
6330    785.5844     510.2520
6331    769.2181     557.4976
6332    752.8517     604.7432
6333    736.4854     651.9887
6334    720.1190     699.2343
6336    703.7527     746.4798
6337    720.1190     831.5218
6338    671.0200     840.9710
6339    621.9210     850.4201
6340    572.8220     859.8692
6341    523.7229     869.3183
6342    474.6239     878.7674
6344    425.5249     888.2165
6345    376.4259     897.6656
6346    327.3268     907.1147
6347    278.2278     916.5638
6348    229.1288     926.0130
6349    180.0298     935.4621
6350    130.9307     944.9112
6352     81.8317     954.3603
6353     32.7327     963.8094
6354    -16.3663     973.2585
6355    -65.4654     982.7076
6356   -114.5644     992.1567
6357   -163.6634    1001.6059
6358   -212.7624    1011.0550
6360   -261.8615    1020.5041
6361   -310.9605    1029.9532
6362   -360.0595    1039.4023
6363   -392.7922    1001.6059
6364   -425.5249     963.8094
6365   -458.2576     926.0130
6366   -490.9903     888.2165
6368   -523.7229     850.4201
6369   -556.4556     812.6236
6370   -589.1883     774.8272
6371   -621.9210     737.0307
6372   -654.6537     699.2343
6373   -687.3864     661.4378
6374   -720.1190     623.6414
6376   -752.8517     585.8449
6377   -785.5844     548.0485
6378   -818.3171     510.2520
6379   -851.0498     472.4556
6380   -883.7825     434.6591
6381   -916.5151     396.8627
6382   -949.2478     359.0662
6384   -981.9805     321.2698
6385  -1014.7132     283.4734
6386  -1047.4459     245.6769
6387  -1080.1786     207.8805
6388  -1063.8122     160.6349
6389  -1047.4459     113.3893
6390  -1031.0795      66.1438
6392  -1014.7132      18.8982
6393   -998.3468     -28.3473
6394   -981.9805     -75.5929
6395   -965.6142    -122.8385
6396   -949.2478    -170.0840
6397   -932.8815    -217.3296
6398   -916.5151    -264.5751
6400   -900.1488    -311.8207
6401   -883.7825    -359.0663
6402   -867.4161    -406.3118
6403   -851.0498    -453.5574
6404   -834.6834    -500.8029
6405   -818.3171    -548.0485
6406   -801.9507    -595.2940
6408   -785.5844    -642.5396
6409   -769.2181    -689.7852
6410   -752.8517    -737.0307
6411   -736.4854    -784.2763
6412   -720.1190    -831.5218
6413   -671.0200    -840.9710
6414   -621.9210    -850.4201
6416   -572.8220    -859.8692
6417   -523.7229    -869.3183
6418   -474.6239    -878.7674
6419   -425.5249    -888.2165
6420   -376.4259    -897.6656
6421   -327.3268    -907.1147
6422   -278.2278    -916.5638
6424   -229.1288    -926.0130
6425   -180.0298    -935.4621
6426   -130.9307    -944.9112
6427    -81.8317    -954.3603
6428    -32.7327    -963.8094
6429     16.3663    -973.2585
6430     65.4654    -982.7076
6432    114.5644    -992.1567
6433    163.6634   -1001.6059
6434    212.7624   -1011.0550
6435    261.8615   -1020.5041
6436    310.9605   -1029.9532
6437    360.0595   -1039.4023
6438    392.7922   -1001.6059
6440    425.5249    -963.8094
6441    458.2576    -926.0130
6442    490.9903    -888.2165
6443    523.7229    -850.4201
6444    556.4556    -812.6236
6445    589.1883    -774.8272
6446    621.9210    -737.0307
6448    654.6537    -699.2343
6449    687.3864    -661.4378
6450    720.1190    -623.6414
6451    752.8517    -585.8449
6452    785.5844    -548.0485
6453    818.3171    -510.2520
6454    851.0498    -472.4556
6456    883.7825    -434.6591
6457    916.5151    -396.8627
6458    949.2478    -359.0662
6459    981.9805    -321.2698
6460   1014.7132    -283.4734
6461   1047.4459    -245.6769
6462   1080.1786    -207.8805
6464   1063.8122    -160.6349
6465   1047.4459    -113.3893
6466   1031.0795     -66.1438
6467   1014.7132     -18.8982
6468    998.3468      28.3473
6469    981.9805      75.5929
6470    965.6142     122.8385
6472    949.2478     170.0840
6473    932.8815     217.3296
6474    916.5151     264.5751
6475    900.1488     311.8207
6476    883.7825     359.0663
6477    867.4161     406.3118
6478    851.0498     453.5574
6480    834.6834     500.8029
6481    818.3171     548.0485
6482    801.9507     595.2940
6483    785.5844     642.5396
6484    769.2181     689.7852
6485    752.8517     737.0307
6486    736.4854     784.2763
6488    605.5546     897.6656
6489    556.4556     907.1147
6490    507.3566     916.5638
6491    458.2576     926.0130
6492    409.1585     935.4621
6493    360.0595     944.9112
6494    310.9605     954.3603
6496    261.8615     963.8094
6497    212.7624     973.2585
6498    163.6634     982.7076
6499    114.5644     992.1567
6500     65.4654    1001.6059
6501     16.3663    1011.0550
6502    -32.7327    1020.5041
6504    -81.8317    1029.9532
6505   -130.9307    1039.4023
6506   -180.0298    1048.8514
6507   -229.1288    1058.3005
6508   -278.2278    1067.7496
6509   -474.6239     973.2585
6510   -507.3566     935.4621
6512   -540.0893     897.6656
6513   -572.8220     859.8692
6514   -605.5546     822.0727
6515   -638.2873     784.2763
6516   -671.0200     746.4798
6517   -703.7527     708.6834
6518   -736.4854     670.8869
5120   -769.2181     633.0905
5121   -801.9507     595.2940
5122   -834.6834     557.4976
5123   -867.4161     519.7011
5124   -900.1488     481.9047
5125   -932.8815     444.1083
5126   -965.6142     406.3118
5128   -998.3468     368.5154
5129  -1031.0795     330.7189
5130  -1063.8122     292.9225
5131  -1080.1786      75.5929
5132  -1063.8122      28.3473
5133  -1047.4459     -18.8982
5134  -1031.0795     -66.1438
5136  -1014.7132    -113.3893
5137   -998.3468    -160.6349
5138   -981.9805    -207.8805
5139   -965.6142    -255.1260
5140   -949.2478    -302.3716
5141   -932.8815    -349.6171
5142   -916.5151    -396.8627
5144   -900.1488    -444.1083
5145   -883.7825    -491.3538
5146   -867.4161    -538.5994
5147   -851.0498    -585.8449
5148   -834.6834    -633.0905
5149   -818.3171    -680.3361
5150   -801.9507    -727.5816
5152   -785.5844    -774.8272
5153   -605.5546    -897.6656
5154   -556.4556    -907.1147
5155   -507.3566    -916.5638
5156   -458.2576    -926.0130
5157   -409.1585    -935.4621
5158   -360.0595    -944.9112
5160   -310.9605    -954.3603
5161   -261.8615    -963.8094
5162   -212.7624    -973.2585
5163   -163.6634    -982.7076
5164   -114.5644    -992.1567
5165    -65.4654   -1001.6059
5166    -16.3663   -1011.0550
5168     32.7327   -1020.5041
5169     81.8317   -1029.9532
5170    130.9307   -1039.4023
5171    180.0298   -1048.8514
5172    229.1288   -1058.3005
5173    278.2278   -1067.7496
5174    474.6239    -973.2585
5176    507.3566    -935.4621
5177    540.0893    -897.6656
5178    572.8220    -859.8692
5179    605.5546    -822.0727
5180    638.2873    -784.2763
5181    671.0200    -746.4798
5182    703.7527    -708.6834
5184    736.4854    -670.8869
5185    769.2181    -633.0905
5186    801.9507    -595.2940
5187    834.6834    -557.4976
5188    867.4161    -519.7011
5189    900.1488    -481.9047
5190    932.8815    -444.1083
5192    965.6142    -406.3118
5193    998.3468    -368.5154
5194   1031.0795    -330.7189
5195   1063.8122    -292.9225
5196   1080.1786     -75.5929
5197   1063.8122     -28.3473
5198   1047.4459      18.8982
5200   1031.0795      66.1438
5201   1014.7132     113.3893
5202    998.3468     160.6349
5203    981.9805     207.8805
5204    965.6142     255.1260
5205    949.2478     302.3716
5206    932.8815     349.6171
5208    916.5151     396.8627
5209    900.1488     444.1083
5210    883.7825     491.3538
5211    867.4161     538.5994
5212    851.0498     585.8449
5213    834.6834     633.0905
5214    818.3171     680.3361
5216    801.9507     727.5816
5217    785.5844     774.8272
5218    490.9902     963.8094
5219    441.8912     973.2585
5220    392.7922     982.7076
5221    343.6932     992.1567
5222    294.5941    1001.6059
5224    245.4951    1011.0550
5225    196.3961    1020.5041
5226    147.2971    1029.9532
5227     98.1980    1039.4023
5228     49.0990    1048.8514
5229      0.0000    1058.3005
5230    -49.0990    1067.7496
5232    -98.1981    1077.1987
5233   -147.2971    1086.6479
5234   -196.3961    1096.0970
5235   -245.4951    1105.5461
5236   -589.1883     907.1147
5237   -621.9210     869.3183
5238   -654.6537     831.5218
5240   -687.3864     793.7254
5241   -720.1190     755.9289
5242   -752.8517     718.1325
5243   -785.5844     680.3360
5244   -818.3171     642.5396
5245   -851.0498     604.7432
5246   -883.7825     566.9467
5248   -916.5151     529.1503
5249   -949.2478     491.3538
5250   -981.9805     453.5574
5251  -1014.7132     415.7609
5252  -1047.4459     377.9645
5253  -1080.1786     340.1680
5254  -1080.1786     -56.6947
5256  -1063.8122    -103.9402
5257  -1047.4459    -151.1858
5258  -1031.0795    -198.4314
5259  -1014.7132    -245.6769
5260   -998.3468    -292.9225
5261   -981.9805    -340.1680
5262   -965.6142    -387.4136
5264   -949.2478    -434.6591
5265   -932.8815    -481.9047
5266   -916.5151    -529.1503
5267   -900.1488    -576.3958
5268   -883.7825    -623.6414
5269   -867.4161    -670.8869
5270   -851.0498    -718.1325
5272   -834.6834    -765.3781
5273   -490.9902    -963.8094
5274   -441.8912    -973.2585
5275   -392.7922    -982.7076
5276   -343.6932    -992.1567
5277   -294.5941   -1001.6059
5278   -245.4951   -1011.0550
5288   -196.3961   -1020.5041
5289   -147.2971   -1029.9532
5290    -98.1980   -1039.4023
5291    -49.0990   -1048.8514
5292      0.0000   -1058.3005
5293     49.0990   -1067.7496
5294     98.1981   -1077.1987
5296    147.2971   -1086.6479
5297    196.3961   -1096.0970
5298    245.4951   -1105.5461
5299    589.1883    -907.1147
5300    621.9210    -869.3183
5301    654.6537    -831.5218
5302    687.3864    -793.7254
5304    720.1190    -755.9289
5305    752.8517    -718.1325
5306    785.5844    -680.3360
5307    818.3171    -642.5396
5308    851.0498    -604.7432
5309    883.7825    -566.9467
5310    916.5151    -529.1503
5312    949.2478    -491.3538
5313    981.9805    -453.5574
5314   1014.7132    -415.7609
5315   1047.4459    -377.9645
5316   1080.1786    -340.1680
5317   1080.1786      56.6947
5318   1063.8122     103.9402
5320   1047.4459     151.1858
5321   1031.0795     198.4314
5322   1014.7132     245.6769
5323    998.3468     292.9225
5324    981.9805     340.1680
5325    965.6142     387.4136
5326    949.2478     434.6591
5328    932.8815     481.9047
5329    916.5151     529.1503
5330    900.1488     576.3958
5331    883.7825     623.6414
5332    867.4161     670.8869
5333    851.0498     718.1325
5334    834.6834     765.3781
5336    376.4259    1029.9532
5337    327.3268    1039.4023
5338    278.2278    1048.8514
5339    229.1288    1058.3005
5340    180.0298    1067.7496
5341    130.9307    1077.1987
5342     81.8317    1086.6479
5344     32.7327    1096.0970
5345    -16.3663    1105.5461
5346    -65.4654    1114.9952
5347   -114.5644    1124.4443
5348   -163.6634    1133.8934
5349   -703.7527     840.9709
5350   -736.4854     803.1745
5352   -769.2181     765.3781
5353   -801.9507     727.5816
5354   -834.6834     689.7852
5355   -867.4161     651.9887
5356   -900.1488     614.1923
5357   -932.8815     576.3958
5358   -965.6142     538.5994
5360   -998.3468     500.8029
5361  -1031.0795     463.0065
5362  -1063.8122     425.2100
5363  -1080.1786    -188.9822
5364  -1063.8122    -236.2278
5365  -1047.4459    -283.4734
5366  -1031.0795    -330.7189
5368  -1014.7132    -377.9645
5369   -998.3468    -425.2100
5370   -981.9805    -472.4556
5371   -965.6142    -519.7012
5372   -949.2478    -566.9467
5373   -932.8815    -614.1923
5374   -916.5151    -661.4378
5376   -900.1488    -708.6834
5377   -376.4259   -1029.9532
5378   -327.3268   -1039.4023
5379   -278.2278   -1048.8514
5380   -229.1288   -1058.3005
5381   -180.0298   -1067.7496
5382   -130.9307   -1077.1987
5384    -81.8317   -1086.6479
5385    -32.7327   -1096.0970
5386     16.3663   -1105.5461
5387     65.4654   -1114.9952
5388    114.5644   -1124.4443
5389    163.6634   -1133.8934
5390    703.7527    -840.9709
5392    736.4854    -803.1745
5393    769.2181    -765.3781
5394    801.9507    -727.5816
5395    834.6834    -689.7852
5396    867.4161    -651.9887
5397    900.1488    -614.1923
5398    932.8815    -576.3958
5400    965.6142    -538.5994
5401    998.3468    -500.8029
5402   1031.0795    -463.0065
5403   1063.8122    -425.2100
5404   1080.1786     188.9822
5405   1063.8122     236.2278
5406   1047.4459     283.4734
5408   1031.0795     330.7189
5409   1014.7132     377.9645
5410    998.3468     425.2100
5411    981.9805     472.4556
5412    965.6142     519.7012
5413    949.2478     566.9467
5414    932.8815     614.1923
5416    916.5151     661.4378
5417    900.1488     708.6834
5418    261.8615    1096.0970
5419    212.7624    1105.5461
5420    163.6634    1114.9952
5421    114.5644    1124.4443
5422     65.4654    1133.8934
5424    -81.8317    1162.2408
5425   -130.9307    1171.6899
5426   -818.3171     774.8272
5427   -851.0498     737.0307
5428   -883.7825     699.2343
5429   -916.5151     661.4378
5430   -949.2478     623.6414
5432  -1047.4459     510.2520
5433  -1080.1786     472.4556
5434  -1080.1786    -321.2698
5435  -1063.8122    -368.5154
5436  -1047.4459    -415.7609
5437  -1031.0795    -463.0065
5438  -1014.7132    -510.2520
5440   -965.6142    -651.9887
5441   -949.2478    -699.2343
5442   -261.8615   -1096.0970
5443   -212.7624   -1105.5461
5444   -163.6634   -1114.9952
5445   -114.5644   -1124.4443
5446    -65.4654   -1133.8934
5448     81.8317   -1162.2408
5449    130.9307   -1171.6899
5450    818.3171    -774.8272
5451    851.0498    -737.0307
5452    883.7825    -699.2343
5453    916.5151    -661.4378
5454    949.2478    -623.6414
5456   1047.4459    -510.2520
5457   1080.1786    -472.4556
5458   1080.1786     321.2698
5459   1063.8122     368.5154
5460   1047.4459     415.7609
5461   1031.0795     463.0065
5462   1014.7132     510.2520
5464    965.6142     651.9887
5465    949.2478     699.2343
5466    147.2971    1162.2408
5467     98.1980    1171.6899
5468   -932.8815     708.6834
5469   -965.6142     670.8869
5470  -1080.1786    -453.5574
5472  -1063.8122    -500.8029
5473   -147.2971   -1162.2408
5474    -98.1980   -1171.6899
5475    932.8815    -708.6834
5476    965.6142    -670.8869
5477   1080.1786     453.5574
5478   1063.8122     500.8029
