0.000754654 0.10606 0.904143
0.000830119 0.120866 0.900011
0.000913131 0.138507 0.894906
0.00100444 0.159428 0.889275
0.00110489 0.184155 0.883432
0.00121538 0.213312 0.877593
0.00133692 0.247586 0.871963
0.00147061 0.287915 0.866544
0.00161767 0.335248 0.861471
0.00177943 0.390724 0.856803
0.00195738 0.45565 0.852588
0.00215312 0.531526 0.848856
0.00236843 0.620086 0.845623
0.00260527 0.723342 0.842884
0.0028658 0.843567 0.840644
0.00315238 0.983313 0.838912
0.00346761 1.14545 0.837692
0.00381437 1.33324 0.836981
0.00419581 1.55039 0.836759
0.00461539 1.80127 0.836991
0.00507693 2.09076 0.837644
0.00558463 2.4245 0.838683
0.00614309 2.80891 0.840072
0.0067574 3.25132 0.841774
0.00743314 3.76008 0.843758
0.00817645 4.34461 0.845995
0.0089941 5.0157 0.848453
0.00989351 5.78567 0.851103
0.0108829 6.66862 0.853914
0.0119711 7.6807 0.856857
0.0131683 8.8404 0.859905
0.0144851 10.1687 0.863036
0.0159336 11.6895 0.866227
0.0175269 13.4301 0.869463
0.0192796 15.4215 0.872725
0.0212076 17.699 0.876001
0.0233284 20.3028 0.879276
0.0256612 23.2788 0.88254
0.0282273 26.6789 0.885783
0.0310501 30.562 0.888997
0.0341551 34.9946 0.892176
0.0375706 40.0524 0.895314
0.0413276 45.8212 0.898407
0.0454604 52.398 0.901449
0.0500064 59.8928 0.904437
0.0550071 68.4304 0.907367
0.0605078 78.1513 0.910236
0.0665586 89.2139 0.913042
0.0732144 101.797 0.915784
0.0805359 115.765 0.916636
0.0885894 131.452 0.916636
0.0974484 149.265 0.916636
0.107193 169.492 0.916636
0.117913 192.459 0.916636
0.129704 218.539 0.916636
0.142674 248.153 0.916636
0.156942 281.78 0.916636
0.172636 319.963 0.916636
0.189899 363.321 0.916636
0.208889 412.554 0.916636
0.229778 468.458 0.916636
0.252756 531.938 0.916636
0.278032 604.02 0.916636
0.305835 685.87 0.916636
0.336418 778.811 0.916636
0.37006 884.346 0.916636
0.407066 1004.18 0.916636
0.447773 1140.26 0.916636
0.49255 1294.77 0.916636
0.541805 1470.22 0.916636
0.595985 1669.45 0.916636
0.655584 1895.67 0.916636
0.721142 2152.55 0.916636
0.793257 2444.24 0.916636
0.872582 2775.46 0.916636
0.959841 3151.55 0.916636
1.05582 3578.62 0.916636
1.16141 4063.55 0.916636
1.27755 4614.19 0.916636
1.4053 5239.45 0.916636
1.54583 5949.44 0.916636
1.70042 6755.64 0.916636
1.87046 7671.08 0.916636
2.0575 8710.57 0.916636
2.26325 9890.93 0.916636
2.48958 11231.2 0.916636
2.73854 12753.2 0.916636
3.01239 14481.3 0.916636
3.31363 16443.6 0.916636
3.64499 18671.9 0.916636
4.00949 21202.1 0.916636
4.41044 24075.1 0.916636
4.85149 27337.5 0.916636
5.33663 31042 0.916636
5.8703 35248.4 0.916636
6.45733 40024.9 0.916636
7.10306 45448.5 0.916636
7.81337 51607.2 0.916636
8.5947 58600.4 0.916636
9.45417 66541.2 0.916636
10.3996 75558.1 0.916636
11.4395 85796.8 0.916636
12.5835 97423 0.916636
13.8419 110625 0.916636
15.226 125615 0.916636
16.7486 142637 0.916636
18.4235 161965 0.916636
20.2659 183913 0.916636
22.2924 208835 0.916636
24.5217 237134 0.916636
26.9739 269267 0.916636
29.6712 305755 0.916636
32.6384 347187 0.916636
35.9022 394234 0.916636
39.4924 447656 0.916636
43.4417 508317 0.916636
47.7858 577198 0.916636
52.5644 655413 0.916636
57.8209 744227 0.916636
63.6029 845076 0.916636
69.9632 959590 0.916636
