# Bulbul+ (2019) https://arxiv.org/pdf/1807.02556.pdf
# Table 3, Columns:
# (1) cluster name
# (2) R500 [kpc]
# (3) Lx 'core-included' (R<R500) soft-band lum [1e44 erg/s]
# (4) uncertainty in the above, symmetric
# (5) Lx 'core-included' (R<R500) bolometric lum [1e44 erg/s]
# (6) uncertainty in the above, symmetric
# (7) emission-weighted mean temperature 'core-included' [keV]
# (8) uncertainty in the above, upper
# (9) uncertainty in the above, lower
# (10) emission-weighted mean metallicity 'core-included' [Zsun]
# (11) uncertainty in the above, upper
# (12) uncertainty in the above, lower
# (13) Lx 'core-excised' (0.15<R<R500) soft-band lum [1e44 erg/s]
# (14) uncertainty in the above, symmetric
# (15) Lx 'core-excised' (0.15<R<R500) bolometric lum [1e44 erg/s]
# (16) uncertainty in the above, symmetric
# (17) emission-weighted mean temperature 'core-excised' [keV]
# (18) uncertainty in the above, upper
# (19) uncertainty in the above, lower
# (20) emission-weighted mean metallicity 'core-excised' [Zsun]
# (21) uncertainty in the above, upper
# (22) uncertainty in the above, lower
# (23) Measured ICM masses M_ICM [1e13 msun]
# (24) uncertainty in the above, upper
# (25) uncertainty in the above, lower
# (26) X-ray derived integrated Compton-y YX,cin [1e14 msun keV]
# (27) uncertainty in the above, upper
# (28) uncertainty in the above, lower
# (29) halo mass M500 determined from the SZE observations [1e14 msun]
# (30) uncertainty in the above, upper
# (31) uncertainty in the above, lower
# NOTE: all values of 0.3 (with 0.0 errors) for metallicites are assumed, not measured
SPT-CLJ0114-4123 1241 3.33 0.28 11.6 1.58 5.62 0.47 0.53 0.30 0.00 0.00 8.53 0.34 2.56 0.36 5.01 0.86 0.62 0.30 0.00 0.00 8.02 0.90 0.89 4.50 0.64 5.86 0.85 0.69
SPT-CLJ0205-5829 759  4.64 0.94 17.7 2.64 6.29 1.34 1.13 0.31 0.19 0.17 13.7 3.05 3.73 1.18 6.07 2.17 0.65 0.30 0.29 0.12 5.27 0.61 0.61 3.31 0.75 4.37 0.59 0.55
SPT-CLJ0217-5245 1110 1.40 0.15 6.19 0.58 10.4 4.66 1.64 0.30 0.00 0.00 5.35 1.22 1.18 0.23 8.13 2.95 1.95 0.30 0.00 0.00 4.40 0.41 0.40 4.59 1.45 4.01 0.71 0.61
SPT-CLJ0225-4155 1144 3.57 0.25 12.6 1.07 6.00 0.23 0.33 0.21 0.27 0.17 9.04 0.55 2.47 0.11 6.54 0.27 0.41 0.19 0.27 0.13 6.76 0.81 0.80 4.06 0.52 4.33 0.72 0.64
SPT-CLJ0230-6028 909  3.39 0.63 11.1 0.94 4.81 0.70 0.77 0.30 0.00 0.00 7.36 0.43 2.24 0.48 4.86 1.20 1.12 0.30 0.00 0.00 4.83 1.11 1.04 2.32 0.62 3.43 0.61 0.58
SPT-CLJ0231-5403 921  1.50 0.27 5.26 0.90 5.34 1.68 1.09 0.50 0.21 0.24 4.43 1.31 1.21 0.22 5.84 2.24 1.51 0.49 0.37 0.27 3.02 0.49 0.48 1.61 0.49 3.18 0.67 0.62
SPT-CLJ0232-4421 1507 7.24 0.30 27.8 1.24 7.03 0.21 0.41 0.35 0.06 0.05 14.9 0.92 3.83 0.20 7.19 0.46 0.50 0.31 0.05 0.05 16.7 0.80 0.81 11.7 0.76 9.45 1.16 1.10
SPT-CLJ0233-5819 940  2.16 0.31 7.40 0.40 5.12 0.50 0.51 0.31 0.13 0.10 6.08 0.30 1.79 0.19 5.04 0.63 0.66 0.34 0.08 0.07 4.41 0.65 0.61 2.26 0.39 3.70 0.61 0.59
SPT-CLJ0234-5831 1273 6.14 0.46 20.0 1.59 4.67 0.34 0.25 0.35 0.07 0.05 9.75 1.26 2.86 0.32 5.21 0.55 0.43 0.50 0.19 0.17 6.72 0.47 0.47 3.13 0.29 6.70 0.84 0.82
SPT-CLJ0240-5946 1155 2.18 0.22 9.18 1.42 8.60 1.17 0.86 0.25 0.10 0.17 4.60 0.48 1.15 0.14 7.65 1.89 1.45 0.30 0.00 0.00 4.30 0.48 0.50 3.69 0.61 4.85 0.70 0.65
SPT-CLJ0243-4833 1220 5.71 0.55 21.5 1.49 6.26 0.41 0.71 0.48 0.12 0.13 13.7 0.71 3.47 0.46 6.85 0.70 1.02 0.47 0.20 0.17 9.46 1.99 2.04 5.92 1.37 6.47 0.90 0.73
SPT-CLJ0254-6051 1053 1.51 0.22 5.03 0.26 5.13 1.12 0.64 0.37 0.19 0.16 4.49 0.62 1.36 0.28 5.12 1.18 0.93 0.31 0.21 0.11 4.49 0.33 0.33 2.30 0.40 3.86 0.67 0.58
SPT-CLJ0254-5857 1250 5.41 0.21 21.7 0.93 7.62 0.25 0.25 0.30 0.02 0.04 18.9 0.54 4.73 0.27 7.60 0.29 0.37 0.31 0.05 0.06 11.0 3.73 3.28 8.34 2.68 6.52 0.81 0.81
SPT-CLJ0257-5732 981  0.35 0.10 0.97 0.03 3.48 1.31 0.96 0.30 0.00 0.00 0.86 0.04 0.32 0.08 3.31 1.06 0.91 0.30 0.00 0.00 2.25 0.42 0.40 0.78 0.29 3.15 0.64 0.69
SPT-CLJ0304-4401 1274 3.40 0.43 11.9 0.95 5.36 0.50 0.33 0.42 0.11 0.11 9.70 0.34 2.57 0.19 6.40 0.74 0.87 0.46 0.16 0.15 8.88 0.86 0.86 4.75 0.59 6.98 0.97 0.77
SPT-CLJ0317-5935 1022 2.34 0.29 7.50 0.37 4.61 0.39 0.59 0.29 0.10 0.12 5.76 0.26 1.98 0.20 3.72 0.34 0.48 0.28 0.14 0.15 5.19 0.68 0.67 2.39 0.40 3.73 0.64 0.61
SPT-CLJ0330-5228 1193 8.22 0.24 25.2 0.84 4.22 0.15 0.06 0.13 0.03 0.03 25.0 0.63 7.63 0.24 4.48 0.10 0.10 0.10 0.02 0.03 3.32 0.39 0.37 1.38 0.17 5.63 0.81 0.66
SPT-CLJ0343-5518 975  1.57 0.51 4.81 0.51 4.09 0.90 0.61 0.30 0.00 0.00 4.36 0.49 1.32 0.29 4.87 0.91 0.98 0.19 0.25 0.19 3.07 0.49 0.47 1.25 0.30 3.52 0.65 0.58
SPT-CLJ0344-5452 827  2.02 0.50 6.49 0.22 4.45 0.96 0.60 0.30 0.00 0.00 4.52 0.18 1.37 0.32 4.67 0.99 0.73 0.30 0.00 0.00 2.88 0.47 0.43 1.28 0.30 3.89 0.58 0.54
SPT-CLJ0354-5904 1063 1.60 0.17 5.28 0.26 4.72 0.62 0.49 0.54 0.18 0.16 4.66 0.83 1.37 0.25 5.20 0.83 0.77 0.40 0.21 0.21 4.02 0.37 0.35 1.89 0.28 3.83 0.67 0.59
SPT-CLJ0403-5719 1008 2.68 0.26 8.30 0.78 4.16 0.20 0.29 0.43 0.10 0.11 4.96 0.37 1.56 0.18 4.26 0.39 0.30 0.80 0.27 0.20 3.32 0.39 0.37 1.38 0.17 3.52 0.66 0.59
SPT-CLJ0406-5455 878  1.09 0.18 4.36 0.30 7.23 2.14 1.35 0.41 0.26 0.22 3.81 0.20 0.95 0.13 7.26 2.89 1.92 0.63 0.42 0.21 2.57 0.32 0.31 1.86 0.50 3.28 0.63 0.54
SPT-CLJ0417-4748 1164 6.28 0.36 23.6 1.28 6.17 0.48 0.34 0.45 0.10 0.08 14.1 2.55 3.60 0.44 6.78 1.49 0.84 0.51 0.18 0.13 6.26 0.48 0.48 3.85 0.39 6.22 0.85 0.71
SPT-CLJ0438-5419 1385 8.36 0.37 34.8 2.03 8.09 0.48 0.39 0.33 0.04 0.04 19.9 1.78 5.09 0.31 7.06 0.61 0.41 0.28 0.10 0.09 12.5 0.52 0.52 10.1 0.69 8.68 1.03 1.03
SPT-CLJ0510-4519 1323 2.98 0.14 10.4 0.68 5.93 0.28 0.21 0.24 0.05 0.05 6.29 0.43 1.81 0.08 5.87 0.37 0.36 0.36 0.06 0.09 7.06 0.30 0.30 4.18 0.24 5.73 0.85 0.72
SPT-CLJ0516-5430 1292 4.38 0.22 17.4 0.91 7.64 0.23 0.23 0.28 0.03 0.03 16.0 1.04 4.38 0.22 7.55 0.25 0.25 0.24 0.02 0.04 9.64 2.51 2.38 7.37 1.88 5.96 0.78 0.74
SPT-CLJ0522-4818 1062 1.54 0.18 5.67 0.60 6.26 1.02 0.63 0.41 0.16 0.13 3.70 0.49 0.96 0.12 6.90 1.49 1.01 0.48 0.27 0.23 2.73 0.31 0.30 1.71 0.29 3.37 0.75 0.71
SPT-CLJ0549-6205 1470 11.6 0.48 48.8 1.31 8.60 0.42 0.35 0.38 0.06 0.05 21.2 1.27 4.96 0.25 8.97 1.27 0.42 0.54 0.17 0.13 11.6 0.46 0.45 9.97 0.59 9.66 1.31 1.03
SPT-CLJ0559-5249 1072 3.53 0.46 13.6 1.99 6.64 1.17 1.17 0.28 0.10 0.15 10.9 1.34 2.87 0.44 6.59 1.40 0.96 0.25 0.18 0.19 7.09 1.14 1.17 4.71 1.13 5.03 0.69 0.63
SPT-CLJ0611-5938 992  1.27 0.20 4.12 0.77 4.62 0.73 0.78 0.33 0.22 0.19 3.00 0.21 1.11 0.21 4.30 0.74 0.76 0.45 0.30 0.25 3.21 0.86 0.87 1.48 0.40 3.13 0.68 0.67
SPT-CLJ0615-5746 1098 15.9 1.48 88.8 6.94 14.2 2.04 1.32 0.65 0.22 0.25 56.9 7.09 10.9 1.58 12.5 1.60 1.99 0.36 0.26 0.21 11.2 1.06 1.05 15.9 2.40 8.69 1.07 0.99
SPT-CLJ0637-4829 1258 1.01 0.14 3.80 0.75 6.53 1.50 1.38 0.21 0.35 0.09 2.75 0.53 0.87 0.11 5.01 1.69 0.95 0.24 0.40 0.10 6.29 0.13 0.13 4.11 0.94 5.66 0.81 0.68
SPT-CLJ0638-5358 1459 6.43 0.15 26.1 0.99 8.38 0.24 0.29 0.32 0.36 0.28 13.1 0.80 3.24 0.14 8.44 0.86 0.48 0.33 0.39 0.24 9.77 0.21 0.21 8.19 0.32 9.42 1.18 1.09
SPT-CLJ0658-5556 1664 13.3 0.46 62.4 3.48 12.4 0.32 0.54 0.28 0.03 0.02 45.0 4.22 9.43 0.51 13.4 1.14 0.32 0.29 0.07 0.07 20.1 1.05 1.04 24.9 1.56 12.7 1.64 1.38
SPT-CLJ2011-5725 1067 2.12 0.15 6.49 0.14 4.13 0.15 0.13 0.39 0.08 0.07 4.44 0.16 1.52 0.10 3.65 0.21 0.21 0.56 0.14 0.12 3.39 0.37 0.34 1.40 0.15 3.35 0.65 0.64
SPT-CLJ2017-6258 986  1.55 0.21 4.55 0.32 3.65 0.61 0.76 0.25 0.09 0.08 3.65 0.31 1.29 0.28 3.39 0.81 0.75 0.30 0.00 0.00 7.78 0.09 0.10 4.56 0.16 4.03 0.68 0.64
SPT-CLJ2022-6323 1073 0.94 0.14 3.90 0.84 8.45 4.91 3.29 0.30 0.00 0.00 3.02 0.78 0.83 0.15 5.73 2.28 1.03 0.30 0.00 0.00 3.45 0.55 0.54 2.91 1.48 3.80 0.67 0.57
SPT-CLJ2023-5535 1309 3.28 0.26 14.8 1.54 10.9 2.00 1.55 0.43 0.65 0.25 10.0 0.99 2.47 0.26 8.31 1.69 1.15 0.29 0.54 0.06 8.43 0.71 0.68 9.22 1.68 6.49 0.81 0.71
SPT-CLJ2030-5638 1018 1.06 0.17 2.99 0.21 3.46 0.39 0.33 0.30 0.00 0.00 2.42 0.14 0.81 0.13 3.88 0.45 0.45 0.30 0.00 0.00 2.62 0.27 0.29 0.91 0.13 3.35 0.64 0.62
SPT-CLJ2031-4037 1389 5.02 0.24 20.5 0.56 8.14 1.22 0.75 0.29 0.10 0.09 10.5 0.41 2.80 0.21 6.67 0.89 1.01 0.38 0.18 0.16 7.79 0.41 0.40 6.34 0.83 7.95 0.99 0.95
SPT-CLJ2032-5627 1204 3.29 0.12 10.8 0.57 4.99 0.19 0.18 0.24 0.03 0.05 9.66 0.42 2.92 0.11 5.07 0.28 0.34 0.23 0.03 0.03 5.93 0.36 0.37 2.95 0.21 4.77 0.71 0.63
SPT-CLJ2040-5725 803  3.68 0.59 10.8 0.88 3.71 0.32 0.26 0.23 0.10 0.05 7.18 0.29 2.24 0.39 4.61 0.58 0.52 0.30 0.00 0.00 3.68 0.34 0.34 1.36 0.10 3.23 0.59 0.51
SPT-CLJ2040-4451 649  1.92 0.57 5.83 1.43 3.75 0.85 0.65 0.30 0.00 0.00 8.39 1.79 2.92 1.59 4.78 1.50 1.51 0.53 0.26 0.27 3.34 0.55 0.54 1.17 0.31 3.31 0.53 0.54
SPT-CLJ2056-5459 889  1.91 0.27 6.01 0.25 4.22 0.42 0.45 0.52 0.22 0.17 5.07 0.09 1.62 0.16 4.19 0.46 0.65 0.63 0.29 0.26 3.64 0.31 0.30 1.53 0.20 3.36 0.60 0.57
SPT-CLJ2106-5844 963  12.2 0.85 55.8 5.16 9.43 0.70 1.67 0.30 0.00 0.00 47.5 3.48 10.5 0.97 9.19 0.88 1.06 0.30 0.00 0.00 11.7 0.38 0.39 11.1 1.43 7.14 0.86 0.83
SPT-CLJ2109-4626 737  1.81 0.46 5.24 0.66 3.52 0.51 0.36 0.51 0.31 0.13 3.50 0.13 1.22 0.18 3.46 0.73 0.53 0.85 0.55 0.56 2.55 0.45 0.44 0.90 0.19 2.68 0.65 0.56
SPT-CLJ2124-6124 1113 1.01 0.27 3.54 0.69 5.66 1.56 1.05 0.30 0.00 0.00 4.71 0.22 1.44 0.17 4.72 0.93 0.65 0.24 0.25 0.16 5.84 0.84 0.79 3.30 0.89 4.60 0.66 0.63
SPT-CLJ2130-6458 1151 1.88 0.27 5.84 0.64 4.26 0.55 0.42 0.26 0.18 0.15 3.83 0.12 1.20 0.13 4.44 0.73 0.52 0.30 0.14 0.25 4.48 0.92 0.85 1.90 0.43 4.33 0.71 0.58
SPT-CLJ2131-4019 1232 6.00 0.33 24.3 1.98 7.64 0.50 0.59 0.37 0.09 0.05 14.1 1.90 3.27 0.34 8.79 1.79 2.15 0.43 0.18 0.15 8.17 0.67 0.68 6.24 0.68 6.25 0.88 0.72
SPT-CLJ2136-6307 804  1.53 0.60 3.57 0.29 2.58 1.03 0.62 0.30 0.00 0.00 1.42 0.39 3.54 0.53 2.04 0.79 0.40 0.30 0.00 0.00 4.23 1.41 1.30 1.09 0.49 3.24 0.60 0.51
SPT-CLJ2138-6008 1283 2.83 0.14 10.5 0.52 6.59 0.42 0.29 0.18 0.09 0.08 6.54 0.16 1.90 0.13 5.43 0.66 0.46 0.29 0.13 0.15 6.25 0.41 0.39 4.11 0.34 6.10 0.79 0.76
SPT-CLJ2145-5644 1188 4.07 0.38 15.4 1.58 6.36 0.57 0.71 0.48 0.17 0.14 10.3 1.21 2.85 0.30 5.82 0.71 0.72 0.41 0.22 0.11 8.64 1.54 1.51 5.49 1.11 5.82 0.82 0.67
SPT-CLJ2146-4633 921  2.94 0.47 9.73 0.26 4.64 0.42 0.24 0.63 0.07 0.13 9.04 1.21 2.74 0.65 4.98 0.18 0.43 0.83 0.09 0.17 4.92 1.75 1.65 2.28 0.80 4.89 0.66 0.65
SPT-CLJ2200-6245 1067 1.08 0.33 2.63 0.30 2.26 0.33 0.38 0.32 0.07 0.14 1.99 0.09 0.84 0.24 2.10 0.37 0.31 0.30 0.55 0.19 3.38 0.86 0.85 0.76 0.22 3.79 0.67 0.57
SPT-CLJ2248-4431 1633 16.8 0.96 77.7 6.91 11.5 0.28 0.63 0.26 0.02 0.06 44.0 3.95 9.44 0.48 11.9 0.97 0.69 0.22 0.07 0.07 19.5 0.90 0.89 22.3 1.30 13.1 1.64 1.44
SPT-CLJ2332-5358 1137 2.24 0.19 8.56 0.99 7.63 0.97 0.97 0.30 0.00 0.00 5.75 1.19 1.58 0.25 6.17 0.93 0.84 0.30 0.00 0.00 4.01 0.58 0.57 3.06 0.58 4.63 0.68 0.60
SPT-CLJ2337-5942 1112 8.20 0.81 36.4 2.42 9.11 0.60 1.01 0.30 0.00 0.00 24.4 1.35 5.59 0.76 8.60 1.35 1.33 0.30 0.00 0.00 9.21 1.05 1.05 8.38 1.21 7.05 0.89 0.81
SPT-CLJ2341-5119 902  4.76 0.39 19.4 1.38 7.47 0.71 0.88 0.14 0.09 0.08 12.1 0.31 3.48 0.59 5.34 1.51 0.87 0.30 0.00 0.00 5.26 0.37 0.36 3.93 0.50 4.94 0.68 0.58
SPT-CLJ2344-4243 1330 26.8 0.47 145. 3.29 14.9 0.32 0.17 1.05 0.02 0.02 45.3 2.24 9.09 0.29 12.2 0.31 0.65 0.45 0.06 0.04 14.8 0.31 0.30 22.1 0.58 9.60 1.20 1.09