0.000754654 0.10606 0.904143
0.000830119 0.120866 0.900011
0.000913131 0.138507 0.894906
0.00100444 0.159428 0.889275
0.00110489 0.184155 0.883432
0.00121538 0.213312 0.877593
0.00133692 0.247586 0.871963
0.00147061 0.287915 0.866544
0.00161767 0.335248 0.861471
0.00177943 0.390724 0.856803
0.00195738 0.45565 0.852588
0.00215312 0.531526 0.848856
0.00236843 0.620086 0.845623
0.00260527 0.723342 0.842884
0.0028658 0.843567 0.840644
0.00315238 0.983313 0.838912
0.00346761 1.14545 0.837692
0.00381437 1.33324 0.836981
0.00419581 1.55039 0.836759
0.00461539 1.80127 0.836991
0.00507693 2.09076 0.837644
0.00558463 2.4245 0.838683
0.00614309 2.80891 0.840072
0.0067574 3.25132 0.841774
0.00743314 3.76008 0.843758
0.00817645 4.34461 0.845995
0.0089941 5.0157 0.848453
0.00989351 5.78567 0.851103
0.0108829 6.66862 0.853914
0.0119711 7.6807 0.856857
0.0131683 8.8404 0.859905
0.0144851 10.1687 0.863036
0.0159336 11.6895 0.866227
0.0175269 13.4301 0.869463
0.0192796 15.4215 0.872725
0.0212076 17.699 0.876001
0.0233284 20.3028 0.879276
0.0256612 23.2788 0.88254
0.0282273 26.6789 0.885783
0.0310501 30.562 0.888997
0.0341551 34.9946 0.892176
0.0375706 40.0524 0.895314
0.0413276 45.8212 0.898407
0.0454604 52.398 0.901449
0.0500064 59.8928 0.904437
0.0550071 68.4304 0.907367
0.0605078 78.1513 0.910236
0.0665586 89.2139 0.913042
0.0732144 101.797 0.915784
0.0805359 116.101 0.91846
0.0885894 132.354 0.92107
0.0974484 150.81 0.923613
0.107193 171.754 0.926089
0.117913 195.506 0.928498
0.129704 222.426 0.93084
0.142674 252.912 0.933115
0.156942 287.414 0.935323
0.172636 326.43 0.937466
0.189899 370.513 0.939544
0.208889 420.281 0.941558
0.229778 476.417 0.943509
0.252756 539.678 0.945398
0.278032 610.899 0.947225
0.305835 691.005 0.948992
0.336418 781.009 0.950701
0.37006 882.028 0.952352
0.407066 995.282 0.953946
0.447773 1122.11 0.955485
0.49255 1263.97 0.956971
0.541805 1422.46 0.958403
0.595985 1599.3 0.959785
0.655584 1796.37 0.961117
0.721142 2015.7 0.9624
0.793257 2259.48 0.963636
0.872582 2530.07 0.964826
0.959841 2830.03 0.965972
1.05582 3162.08 0.967075
1.16141 3529.16 0.968136
1.27755 3934.39 0.969157
1.4053 4381.15 0.970139
1.54583 4873.01 0.971084
1.70042 5413.8 0.971992
1.87046 6007.59 0.972865
2.0575 6658.72 0.973705
2.26325 7371.83 0.974513
2.48958 8151.83 0.975289
2.73854 9003.95 0.976036
3.01239 9933.79 0.976754
3.31363 10947.3 0.977445
3.64499 12050.7 0.978109
4.00949 13251 0.978749
4.41044 14555.1 0.979364
4.85149 15970.8 0.979957
5.33663 17506.4 0.980527
5.8703 19170.5 0.981077
6.45733 20972.7 0.981607
7.10306 22922.9 0.982118
7.81337 25031.9 0.98261
8.5947 27311.2 0.983086
9.45417 29773.3 0.983544
10.3996 32431.5 0.983987
11.4395 35299.9 0.984415
12.5835 38394.2 0.984829
13.8419 41730.5 0.985229
15.226 45326.8 0.985615
16.7486 49202.2 0.98599
18.4235 53377.2 0.986352
20.2659 57873.8 0.986703
22.2924 62715.8 0.987043
24.5217 67928.9 0.987373
26.9739 73540.6 0.987692
29.6712 79580.6 0.988003
32.6384 86080.8 0.988303
35.9022 93075.5 0.988596
39.4924 100602 0.988879
43.4417 108700 0.989155
47.7858 117412 0.989423
52.5644 126784 0.989683
57.8209 136867 0.989936
63.6029 147714 0.990182
69.9632 159383 0.990422
