0.000754654 0.106441 0.904143
0.000830119 0.131084 0.900011
0.000913131 0.162709 0.894906
0.00100444 0.202546 0.889275
0.00110489 0.252081 0.883432
0.00121538 0.313096 0.877593
0.00133692 0.387548 0.871963
0.00147061 0.478203 0.866544
0.00161767 0.58783 0.861471
0.00177943 0.719784 0.856803
0.00195738 0.87794 0.852588
0.00215312 1.06677 0.848856
0.00236843 1.29147 0.845623
0.00260527 1.55811 0.842884
0.0028658 1.87356 0.840644
0.00315238 2.24555 0.838912
0.00346761 2.68279 0.837692
0.00381437 3.1952 0.836981
0.00419581 3.79417 0.836759
0.00461539 4.49302 0.836991
0.00507693 5.30689 0.837644
0.00558463 6.25313 0.838683
0.00614309 7.35163 0.840072
0.0067574 8.62521 0.841774
0.00743314 10.0998 0.843758
0.00817645 11.8049 0.845995
0.0089941 13.7741 0.848453
0.00989351 16.0462 0.851103
0.0108829 18.6654 0.853914
0.0119711 21.6827 0.856857
0.0131683 25.1564 0.859905
0.0144851 29.1529 0.863036
0.0159336 33.7481 0.866227
0.0175269 39.0284 0.869463
0.0192796 45.0924 0.872725
0.0212076 52.0528 0.876001
0.0233284 60.0379 0.879276
0.0256612 69.1939 0.88254
0.0282273 79.6873 0.885783
0.0310501 91.7067 0.888997
0.0341551 105.466 0.892176
0.0375706 121.207 0.895314
0.0413276 139.206 0.898407
0.0454604 159.775 0.901449
0.0500064 183.269 0.904437
0.0550071 210.091 0.907367
0.0605078 240.693 0.910236
0.0665586 275.587 0.913042
0.0732144 315.35 0.915784
0.0805359 358.937 0.916636
0.0885894 407.576 0.916636
0.0974484 462.806 0.916636
0.107193 525.52 0.916636
0.117913 596.732 0.916636
0.129704 677.594 0.916636
0.142674 769.413 0.916636
0.156942 873.675 0.916636
0.172636 992.065 0.916636
0.189899 1126.5 0.916636
0.208889 1279.15 0.916636
0.229778 1452.48 0.916636
0.252756 1649.31 0.916636
0.278032 1872.8 0.916636
0.305835 2126.58 0.916636
0.336418 2414.75 0.916636
0.37006 2741.97 0.916636
0.407066 3113.53 0.916636
0.447773 3535.43 0.916636
0.49255 4014.51 0.916636
0.541805 4558.51 0.916636
0.595985 5176.23 0.916636
0.655584 5877.65 0.916636
0.721142 6674.12 0.916636
0.793257 7578.52 0.916636
0.872582 8605.47 0.916636
0.959841 9771.58 0.916636
1.05582 11095.7 0.916636
1.16141 12599.3 0.916636
1.27755 14306.6 0.916636
1.4053 16245.2 0.916636
1.54583 18446.6 0.916636
1.70042 20946.2 0.916636
1.87046 23784.6 0.916636
2.0575 27007.6 0.916636
2.26325 30667.4 0.916636
2.48958 34823.1 0.916636
2.73854 39541.9 0.916636
3.01239 44900.1 0.916636
3.31363 50984.5 0.916636
3.64499 57893.3 0.916636
4.00949 65738.3 0.916636
4.41044 74646.4 0.916636
4.85149 84761.5 0.916636
5.33663 96247.4 0.916636
5.8703 109290 0.916636
6.45733 124099 0.916636
7.10306 140916 0.916636
7.81337 160011 0.916636
8.5947 181694 0.916636
9.45417 206315 0.916636
10.3996 234272 0.916636
11.4395 266018 0.916636
12.5835 302066 0.916636
13.8419 342998 0.916636
15.226 389477 0.916636
16.7486 442254 0.916636
18.4235 502183 0.916636
20.2659 570233 0.916636
22.2924 647505 0.916636
24.5217 735247 0.916636
26.9739 834879 0.916636
29.6712 948012 0.916636
32.6384 1.07647e+06 0.916636
35.9022 1.22235e+06 0.916636
39.4924 1.38798e+06 0.916636
43.4417 1.57607e+06 0.916636
47.7858 1.78964e+06 0.916636
52.5644 2.03215e+06 0.916636
57.8209 2.30752e+06 0.916636
63.6029 2.62021e+06 0.916636
69.9632 2.97527e+06 0.916636
