1.706666666666668331e+00 0.000000000000000000e+00 0.000000000000000000e+00
-2.285714285714287863e-01 0.000000000000000000e+00 -1.000000000000000000e+00
-2.285714285714287863e-01 0.000000000000000000e+00 1.000000000000000000e+00
7.619047619047630837e-02 0.000000000000000000e+00 -1.732050807568877859e+00
7.619047619047635000e-02 0.000000000000000000e+00 1.732050807568877859e+00
-2.446712254296987826e-02 0.000000000000000000e+00 -2.334414218338976443e+00
-2.421995441236971525e-01 0.000000000000000000e+00 -7.419637843027259150e-01
-2.421995441236968749e-01 0.000000000000000000e+00 7.419637843027258040e-01
-2.446712254296991643e-02 0.000000000000000000e+00 2.334414218338976887e+00
6.003952708117725814e-03 0.000000000000000000e+00 -2.856970013872805580e+00
1.184404917363269388e-01 0.000000000000000000e+00 -1.355626179974265710e+00
1.184404917363268833e-01 0.000000000000000000e+00 1.355626179974266377e+00
6.003952708117700661e-03 0.000000000000000000e+00 2.856970013872805580e+00
-1.703856268037324878e-03 0.000000000000000000e+00 -3.324257433552119778e+00
-5.907716402794316313e-02 0.000000000000000000e+00 -1.889175877753709543e+00
-2.725523130373528891e-01 0.000000000000000000e+00 -6.167065901925937732e-01
-2.725523130373330161e-01 0.000000000000000000e+00 6.167065901925934401e-01
-5.907716402796278632e-02 0.000000000000000000e+00 1.889175877753710209e+00
-1.703856268037505723e-03 0.000000000000000000e+00 3.324257433552119778e+00
3.655125706481468116e-04 0.000000000000000000e+00 -3.750439717725742916e+00
2.050474931173007845e-02 0.000000000000000000e+00 -2.366759410734541103e+00
1.600821190700084107e-01 0.000000000000000000e+00 -1.154405394739968171e+00
1.600821190700051910e-01 0.000000000000000000e+00 1.154405394739968171e+00
2.050474931172199811e-02 0.000000000000000000e+00 2.366759410734540658e+00
3.655125706481435048e-04 0.000000000000000000e+00 3.750439717725742916e+00
-1.126145383753700448e-04 0.000000000000000000e+00 -4.144547186125895344e+00
-9.635220120794147150e-03 0.000000000000000000e+00 -2.802485861287540736e+00
-1.172399076617591795e-01 0.000000000000000000e+00 -1.636519042435108373e+00
-3.730122576790776412e-01 0.000000000000000000e+00 -5.390798113513753931e-01
-3.730122576792004319e-01 0.000000000000000000e+00 5.390798113513749490e-01
-1.172399076616308100e-01 0.000000000000000000e+00 1.636519042435107707e+00
-9.635220120787569079e-03 0.000000000000000000e+00 2.802485861287541180e+00
-1.126145383753674156e-04 0.000000000000000000e+00 4.144547186125894456e+00
2.234584400774664394e-05 0.000000000000000000e+00 -4.512745863399783453e+00
2.789141321231777913e-03 0.000000000000000000e+00 -3.205429002856468479e+00
4.991640676522084846e-02 0.000000000000000000e+00 -2.076847978677829776e+00
2.440975028949394499e-01 0.000000000000000000e+00 -1.023255663789132353e+00
2.440975028949400882e-01 0.000000000000000000e+00 1.023255663789133019e+00
4.991640676521481162e-02 0.000000000000000000e+00 2.076847978677830664e+00
2.789141321231767938e-03 0.000000000000000000e+00 3.205429002856468479e+00
2.234584400774663039e-05 0.000000000000000000e+00 4.512745863399780788e+00
-2.285714285714287863e-01 -1.000000000000000000e+00 0.000000000000000000e+00
-2.741344279861101358e-04 -1.000000000000000000e+00 -3.750439717725742916e+00
-1.537856198379756317e-02 -1.000000000000000000e+00 -2.366759410734541103e+00
-1.200615893025063080e-01 -1.000000000000000000e+00 -1.154405394739968171e+00
-1.200615893025039072e-01 -1.000000000000000000e+00 1.154405394739968171e+00
-1.537856198379150031e-02 -1.000000000000000000e+00 2.366759410734540658e+00
-2.741344279861076963e-04 -1.000000000000000000e+00 3.750439717725742916e+00
5.630726918768500883e-05 -1.000000000000000000e+00 -4.144547186125895344e+00
4.817610060397072708e-03 -1.000000000000000000e+00 -2.802485861287540736e+00
5.861995383087958283e-02 -1.000000000000000000e+00 -1.636519042435108373e+00
1.865061288395387928e-01 -1.000000000000000000e+00 -5.390798113513753931e-01
1.865061288396001882e-01 -1.000000000000000000e+00 5.390798113513749490e-01
5.861995383081538419e-02 -1.000000000000000000e+00 1.636519042435107707e+00
4.817610060393782805e-03 -1.000000000000000000e+00 2.802485861287541180e+00
5.630726918768369423e-05 -1.000000000000000000e+00 4.144547186125894456e+00
-2.285714285714287863e-01 1.000000000000000000e+00 0.000000000000000000e+00
-2.741344279861101358e-04 1.000000000000000000e+00 -3.750439717725742916e+00
-1.537856198379756317e-02 1.000000000000000000e+00 -2.366759410734541103e+00
-1.200615893025063080e-01 1.000000000000000000e+00 -1.154405394739968171e+00
-1.200615893025039072e-01 1.000000000000000000e+00 1.154405394739968171e+00
-1.537856198379150031e-02 1.000000000000000000e+00 2.366759410734540658e+00
-2.741344279861076963e-04 1.000000000000000000e+00 3.750439717725742916e+00
5.630726918768500883e-05 1.000000000000000000e+00 -4.144547186125895344e+00
4.817610060397072708e-03 1.000000000000000000e+00 -2.802485861287540736e+00
5.861995383087958283e-02 1.000000000000000000e+00 -1.636519042435108373e+00
1.865061288395387928e-01 1.000000000000000000e+00 -5.390798113513753931e-01
1.865061288396001882e-01 1.000000000000000000e+00 5.390798113513749490e-01
5.861995383081538419e-02 1.000000000000000000e+00 1.636519042435107707e+00
4.817610060393782805e-03 1.000000000000000000e+00 2.802485861287541180e+00
5.630726918768369423e-05 1.000000000000000000e+00 4.144547186125894456e+00
7.619047619047630837e-02 -1.732050807568877859e+00 0.000000000000000000e+00
-4.259640670093315447e-04 -1.732050807568877859e+00 -3.324257433552119778e+00
-1.476929100698580292e-02 -1.732050807568877859e+00 -1.889175877753709543e+00
-6.813807825933826390e-02 -1.732050807568877859e+00 -6.167065901925937732e-01
-6.813807825933330953e-02 -1.732050807568877859e+00 6.167065901925934401e-01
-1.476929100699070699e-02 -1.732050807568877859e+00 1.889175877753710209e+00
-4.259640670093767559e-04 -1.732050807568877859e+00 3.324257433552119778e+00
9.137814266203677066e-05 -1.732050807568877859e+00 -3.750439717725742916e+00
5.126187327932523949e-03 -1.732050807568877859e+00 -2.366759410734541103e+00
4.002052976750212349e-02 -1.732050807568877859e+00 -1.154405394739968171e+00
4.002052976750133245e-02 -1.732050807568877859e+00 1.154405394739968171e+00
5.126187327930502996e-03 -1.732050807568877859e+00 2.366759410734540658e+00
9.137814266203594395e-05 -1.732050807568877859e+00 3.750439717725742916e+00
7.619047619047635000e-02 1.732050807568877859e+00 0.000000000000000000e+00
-4.259640670093317615e-04 1.732050807568877859e+00 -3.324257433552119778e+00
-1.476929100698581160e-02 1.732050807568877859e+00 -1.889175877753709543e+00
-6.813807825933830553e-02 1.732050807568877859e+00 -6.167065901925937732e-01
-6.813807825933335116e-02 1.732050807568877859e+00 6.167065901925934401e-01
-1.476929100699071393e-02 1.732050807568877859e+00 1.889175877753710209e+00
-4.259640670093769728e-04 1.732050807568877859e+00 3.324257433552119778e+00
9.137814266203682487e-05 1.732050807568877859e+00 -3.750439717725742916e+00
5.126187327932526551e-03 1.732050807568877859e+00 -2.366759410734541103e+00
4.002052976750215124e-02 1.732050807568877859e+00 -1.154405394739968171e+00
4.002052976750134633e-02 1.732050807568877859e+00 1.154405394739968171e+00
5.126187327930506465e-03 1.732050807568877859e+00 2.366759410734540658e+00
9.137814266203599816e-05 1.732050807568877859e+00 3.750439717725742916e+00
-2.446712254296987826e-02 -2.334414218338976443e+00 0.000000000000000000e+00
-5.164433671349246769e-04 -2.334414218338976443e+00 -2.856970013872805580e+00
-1.018792274541439023e-02 -2.334414218338976443e+00 -1.355626179974265710e+00
-1.018792274541438503e-02 -2.334414218338976443e+00 1.355626179974266377e+00
-5.164433671349224000e-04 -2.334414218338976443e+00 2.856970013872805580e+00
1.172487940472152139e-04 -2.334414218338976443e+00 -3.324257433552119778e+00
4.065323095582920078e-03 -2.334414218338976443e+00 -1.889175877753709543e+00
1.875535549440410579e-02 -2.334414218338976443e+00 -6.167065901925937732e-01
1.875535549440273883e-02 -2.334414218338976443e+00 6.167065901925934401e-01
4.065323095584270560e-03 -2.334414218338976443e+00 1.889175877753710209e+00
1.172487940472276551e-04 -2.334414218338976443e+00 3.324257433552119778e+00
-2.421995441236971525e-01 -7.419637843027259150e-01 0.000000000000000000e+00
-5.112262296725436986e-03 -7.419637843027259150e-01 -2.856970013872805580e+00
-1.008500382573919857e-01 -7.419637843027259150e-01 -1.355626179974265710e+00
-1.008500382573919441e-01 -7.419637843027259150e-01 1.355626179974266377e+00
-5.112262296725414434e-03 -7.419637843027259150e-01 2.856970013872805580e+00
1.160643406980778987e-03 -7.419637843027259150e-01 -3.324257433552119778e+00
4.024254992537447395e-02 -7.419637843027259150e-01 -1.889175877753709543e+00
1.856588792836106061e-01 -7.419637843027259150e-01 -6.167065901925937732e-01
1.856588792835971169e-01 -7.419637843027259150e-01 6.167065901925934401e-01
4.024254992538783132e-02 -7.419637843027259150e-01 1.889175877753710209e+00
1.160643406980901935e-03 -7.419637843027259150e-01 3.324257433552119778e+00
-2.421995441236968749e-01 7.419637843027258040e-01 0.000000000000000000e+00
-5.112262296725430914e-03 7.419637843027258040e-01 -2.856970013872805580e+00
-1.008500382573918608e-01 7.419637843027258040e-01 -1.355626179974265710e+00
-1.008500382573918330e-01 7.419637843027258040e-01 1.355626179974266377e+00
-5.112262296725409230e-03 7.419637843027258040e-01 2.856970013872805580e+00
1.160643406980777686e-03 7.419637843027258040e-01 -3.324257433552119778e+00
4.024254992537443232e-02 7.419637843027258040e-01 -1.889175877753709543e+00
1.856588792836104396e-01 7.419637843027258040e-01 -6.167065901925937732e-01
1.856588792835968948e-01 7.419637843027258040e-01 6.167065901925934401e-01
4.024254992538778969e-02 7.419637843027258040e-01 1.889175877753710209e+00
1.160643406980900851e-03 7.419637843027258040e-01 3.324257433552119778e+00
-2.446712254296991643e-02 2.334414218338976887e+00 0.000000000000000000e+00
-5.164433671349254358e-04 2.334414218338976887e+00 -2.856970013872805580e+00
-1.018792274541440585e-02 2.334414218338976887e+00 -1.355626179974265710e+00
-1.018792274541440064e-02 2.334414218338976887e+00 1.355626179974266377e+00
-5.164433671349232674e-04 2.334414218338976887e+00 2.856970013872805580e+00
1.172487940472153901e-04 2.334414218338976887e+00 -3.324257433552119778e+00
4.065323095582927017e-03 2.334414218338976887e+00 -1.889175877753709543e+00
1.875535549440413355e-02 2.334414218338976887e+00 -6.167065901925937732e-01
1.875535549440277006e-02 2.334414218338976887e+00 6.167065901925934401e-01
4.065323095584276632e-03 2.334414218338976887e+00 1.889175877753710209e+00
1.172487940472278313e-04 2.334414218338976887e+00 3.324257433552119778e+00
6.003952708117725814e-03 -2.856970013872805580e+00 0.000000000000000000e+00
-5.164433671349246769e-04 -2.856970013872805580e+00 -2.334414218338976443e+00
-5.112262296725436986e-03 -2.856970013872805580e+00 -7.419637843027259150e-01
-5.112262296725430914e-03 -2.856970013872805580e+00 7.419637843027258040e-01
-5.164433671349254358e-04 -2.856970013872805580e+00 2.334414218338976887e+00
1.267293098014948545e-04 -2.856970013872805580e+00 -2.856970013872805580e+00
2.500000000000008726e-03 -2.856970013872805580e+00 -1.355626179974265710e+00
2.500000000000007425e-03 -2.856970013872805580e+00 1.355626179974266377e+00
1.267293098014943124e-04 -2.856970013872805580e+00 2.856970013872805580e+00
1.184404917363269388e-01 -1.355626179974265710e+00 0.000000000000000000e+00
-1.018792274541439023e-02 -1.355626179974265710e+00 -2.334414218338976443e+00
-1.008500382573919857e-01 -1.355626179974265710e+00 -7.419637843027259150e-01
-1.008500382573918608e-01 -1.355626179974265710e+00 7.419637843027258040e-01
-1.018792274541440585e-02 -1.355626179974265710e+00 2.334414218338976887e+00
2.500000000000008726e-03 -1.355626179974265710e+00 -2.856970013872805580e+00
4.931771513464298234e-02 -1.355626179974265710e+00 -1.355626179974265710e+00
4.931771513464296847e-02 -1.355626179974265710e+00 1.355626179974266377e+00
2.499999999999997450e-03 -1.355626179974265710e+00 2.856970013872805580e+00
1.184404917363268833e-01 1.355626179974266377e+00 0.000000000000000000e+00
-1.018792274541438503e-02 1.355626179974266377e+00 -2.334414218338976443e+00
-1.008500382573919441e-01 1.355626179974266377e+00 -7.419637843027259150e-01
-1.008500382573918330e-01 1.355626179974266377e+00 7.419637843027258040e-01
-1.018792274541440064e-02 1.355626179974266377e+00 2.334414218338976887e+00
2.500000000000007425e-03 1.355626179974266377e+00 -2.856970013872805580e+00
4.931771513464296847e-02 1.355626179974266377e+00 -1.355626179974265710e+00
4.931771513464294765e-02 1.355626179974266377e+00 1.355626179974266377e+00
2.499999999999996583e-03 1.355626179974266377e+00 2.856970013872805580e+00
6.003952708117700661e-03 2.856970013872805580e+00 0.000000000000000000e+00
-5.164433671349224000e-04 2.856970013872805580e+00 -2.334414218338976443e+00
-5.112262296725414434e-03 2.856970013872805580e+00 -7.419637843027259150e-01
-5.112262296725409230e-03 2.856970013872805580e+00 7.419637843027258040e-01
-5.164433671349232674e-04 2.856970013872805580e+00 2.334414218338976887e+00
1.267293098014943124e-04 2.856970013872805580e+00 -2.856970013872805580e+00
2.499999999999997450e-03 2.856970013872805580e+00 -1.355626179974265710e+00
2.499999999999996583e-03 2.856970013872805580e+00 1.355626179974266377e+00
1.267293098014937432e-04 2.856970013872805580e+00 2.856970013872805580e+00
-1.703856268037324878e-03 -3.324257433552119778e+00 0.000000000000000000e+00
-4.259640670093315447e-04 -3.324257433552119778e+00 -1.732050807568877859e+00
-4.259640670093317615e-04 -3.324257433552119778e+00 1.732050807568877859e+00
1.172487940472152139e-04 -3.324257433552119778e+00 -2.334414218338976443e+00
1.160643406980778987e-03 -3.324257433552119778e+00 -7.419637843027259150e-01
1.160643406980777686e-03 -3.324257433552119778e+00 7.419637843027258040e-01
1.172487940472153901e-04 -3.324257433552119778e+00 2.334414218338976887e+00
-5.907716402794316313e-02 -1.889175877753709543e+00 0.000000000000000000e+00
-1.476929100698580292e-02 -1.889175877753709543e+00 -1.732050807568877859e+00
-1.476929100698581160e-02 -1.889175877753709543e+00 1.732050807568877859e+00
4.065323095582920078e-03 -1.889175877753709543e+00 -2.334414218338976443e+00
4.024254992537447395e-02 -1.889175877753709543e+00 -7.419637843027259150e-01
4.024254992537443232e-02 -1.889175877753709543e+00 7.419637843027258040e-01
4.065323095582927017e-03 -1.889175877753709543e+00 2.334414218338976887e+00
-2.725523130373528891e-01 -6.167065901925937732e-01 0.000000000000000000e+00
-6.813807825933826390e-02 -6.167065901925937732e-01 -1.732050807568877859e+00
-6.813807825933830553e-02 -6.167065901925937732e-01 1.732050807568877859e+00
1.875535549440410579e-02 -6.167065901925937732e-01 -2.334414218338976443e+00
1.856588792836106061e-01 -6.167065901925937732e-01 -7.419637843027259150e-01
1.856588792836104396e-01 -6.167065901925937732e-01 7.419637843027258040e-01
1.875535549440413355e-02 -6.167065901925937732e-01 2.334414218338976887e+00
-2.725523130373330161e-01 6.167065901925934401e-01 0.000000000000000000e+00
-6.813807825933330953e-02 6.167065901925934401e-01 -1.732050807568877859e+00
-6.813807825933335116e-02 6.167065901925934401e-01 1.732050807568877859e+00
1.875535549440273883e-02 6.167065901925934401e-01 -2.334414218338976443e+00
1.856588792835971169e-01 6.167065901925934401e-01 -7.419637843027259150e-01
1.856588792835968948e-01 6.167065901925934401e-01 7.419637843027258040e-01
1.875535549440277006e-02 6.167065901925934401e-01 2.334414218338976887e+00
-5.907716402796278632e-02 1.889175877753710209e+00 0.000000000000000000e+00
-1.476929100699070699e-02 1.889175877753710209e+00 -1.732050807568877859e+00
-1.476929100699071393e-02 1.889175877753710209e+00 1.732050807568877859e+00
4.065323095584270560e-03 1.889175877753710209e+00 -2.334414218338976443e+00
4.024254992538783132e-02 1.889175877753710209e+00 -7.419637843027259150e-01
4.024254992538778969e-02 1.889175877753710209e+00 7.419637843027258040e-01
4.065323095584276632e-03 1.889175877753710209e+00 2.334414218338976887e+00
-1.703856268037505723e-03 3.324257433552119778e+00 0.000000000000000000e+00
-4.259640670093767559e-04 3.324257433552119778e+00 -1.732050807568877859e+00
-4.259640670093769728e-04 3.324257433552119778e+00 1.732050807568877859e+00
1.172487940472276551e-04 3.324257433552119778e+00 -2.334414218338976443e+00
1.160643406980901935e-03 3.324257433552119778e+00 -7.419637843027259150e-01
1.160643406980900851e-03 3.324257433552119778e+00 7.419637843027258040e-01
1.172487940472278313e-04 3.324257433552119778e+00 2.334414218338976887e+00
3.655125706481468116e-04 -3.750439717725742916e+00 0.000000000000000000e+00
-2.741344279861101358e-04 -3.750439717725742916e+00 -1.000000000000000000e+00
-2.741344279861101358e-04 -3.750439717725742916e+00 1.000000000000000000e+00
9.137814266203677066e-05 -3.750439717725742916e+00 -1.732050807568877859e+00
9.137814266203682487e-05 -3.750439717725742916e+00 1.732050807568877859e+00
2.050474931173007845e-02 -2.366759410734541103e+00 0.000000000000000000e+00
-1.537856198379756317e-02 -2.366759410734541103e+00 -1.000000000000000000e+00
-1.537856198379756317e-02 -2.366759410734541103e+00 1.000000000000000000e+00
5.126187327932523949e-03 -2.366759410734541103e+00 -1.732050807568877859e+00
5.126187327932526551e-03 -2.366759410734541103e+00 1.732050807568877859e+00
1.600821190700084107e-01 -1.154405394739968171e+00 0.000000000000000000e+00
-1.200615893025063080e-01 -1.154405394739968171e+00 -1.000000000000000000e+00
-1.200615893025063080e-01 -1.154405394739968171e+00 1.000000000000000000e+00
4.002052976750212349e-02 -1.154405394739968171e+00 -1.732050807568877859e+00
4.002052976750215124e-02 -1.154405394739968171e+00 1.732050807568877859e+00
1.600821190700051910e-01 1.154405394739968171e+00 0.000000000000000000e+00
-1.200615893025039072e-01 1.154405394739968171e+00 -1.000000000000000000e+00
-1.200615893025039072e-01 1.154405394739968171e+00 1.000000000000000000e+00
4.002052976750133245e-02 1.154405394739968171e+00 -1.732050807568877859e+00
4.002052976750134633e-02 1.154405394739968171e+00 1.732050807568877859e+00
2.050474931172199811e-02 2.366759410734540658e+00 0.000000000000000000e+00
-1.537856198379150031e-02 2.366759410734540658e+00 -1.000000000000000000e+00
-1.537856198379150031e-02 2.366759410734540658e+00 1.000000000000000000e+00
5.126187327930502996e-03 2.366759410734540658e+00 -1.732050807568877859e+00
5.126187327930506465e-03 2.366759410734540658e+00 1.732050807568877859e+00
3.655125706481435048e-04 3.750439717725742916e+00 0.000000000000000000e+00
-2.741344279861076963e-04 3.750439717725742916e+00 -1.000000000000000000e+00
-2.741344279861076963e-04 3.750439717725742916e+00 1.000000000000000000e+00
9.137814266203594395e-05 3.750439717725742916e+00 -1.732050807568877859e+00
9.137814266203599816e-05 3.750439717725742916e+00 1.732050807568877859e+00
-1.126145383753700448e-04 -4.144547186125895344e+00 0.000000000000000000e+00
5.630726918768500883e-05 -4.144547186125895344e+00 -1.000000000000000000e+00
5.630726918768500883e-05 -4.144547186125895344e+00 1.000000000000000000e+00
-9.635220120794147150e-03 -2.802485861287540736e+00 0.000000000000000000e+00
4.817610060397072708e-03 -2.802485861287540736e+00 -1.000000000000000000e+00
4.817610060397072708e-03 -2.802485861287540736e+00 1.000000000000000000e+00
-1.172399076617591795e-01 -1.636519042435108373e+00 0.000000000000000000e+00
5.861995383087958283e-02 -1.636519042435108373e+00 -1.000000000000000000e+00
5.861995383087958283e-02 -1.636519042435108373e+00 1.000000000000000000e+00
-3.730122576790776412e-01 -5.390798113513753931e-01 0.000000000000000000e+00
1.865061288395387928e-01 -5.390798113513753931e-01 -1.000000000000000000e+00
1.865061288395387928e-01 -5.390798113513753931e-01 1.000000000000000000e+00
-3.730122576792004319e-01 5.390798113513749490e-01 0.000000000000000000e+00
1.865061288396001882e-01 5.390798113513749490e-01 -1.000000000000000000e+00
1.865061288396001882e-01 5.390798113513749490e-01 1.000000000000000000e+00
-1.172399076616308100e-01 1.636519042435107707e+00 0.000000000000000000e+00
5.861995383081538419e-02 1.636519042435107707e+00 -1.000000000000000000e+00
5.861995383081538419e-02 1.636519042435107707e+00 1.000000000000000000e+00
-9.635220120787569079e-03 2.802485861287541180e+00 0.000000000000000000e+00
4.817610060393782805e-03 2.802485861287541180e+00 -1.000000000000000000e+00
4.817610060393782805e-03 2.802485861287541180e+00 1.000000000000000000e+00
-1.126145383753674156e-04 4.144547186125894456e+00 0.000000000000000000e+00
5.630726918768369423e-05 4.144547186125894456e+00 -1.000000000000000000e+00
5.630726918768369423e-05 4.144547186125894456e+00 1.000000000000000000e+00
2.234584400774664394e-05 -4.512745863399783453e+00 0.000000000000000000e+00
2.789141321231777913e-03 -3.205429002856468479e+00 0.000000000000000000e+00
4.991640676522084846e-02 -2.076847978677829776e+00 0.000000000000000000e+00
2.440975028949394499e-01 -1.023255663789132353e+00 0.000000000000000000e+00
2.440975028949400882e-01 1.023255663789133019e+00 0.000000000000000000e+00
4.991640676521481162e-02 2.076847978677830664e+00 0.000000000000000000e+00
2.789141321231767938e-03 3.205429002856468479e+00 0.000000000000000000e+00
2.234584400774663039e-05 4.512745863399780788e+00 0.000000000000000000e+00
