1.280000000000000249e+01 0.000000000000000000e+00 0.000000000000000000e+00 0.000000000000000000e+00 0.000000000000000000e+00
-3.499999999999999112e+00 0.000000000000000000e+00 0.000000000000000000e+00 0.000000000000000000e+00 -1.000000000000000000e+00
-3.499999999999999112e+00 0.000000000000000000e+00 0.000000000000000000e+00 0.000000000000000000e+00 1.000000000000000000e+00
8.333333333333337034e-01 0.000000000000000000e+00 0.000000000000000000e+00 0.000000000000000000e+00 -1.732050807568877859e+00
8.333333333333341475e-01 0.000000000000000000e+00 0.000000000000000000e+00 0.000000000000000000e+00 1.732050807568877859e+00
-1.376275643042054186e-01 0.000000000000000000e+00 0.000000000000000000e+00 0.000000000000000000e+00 -2.334414218338976443e+00
-1.362372435695794914e+00 0.000000000000000000e+00 0.000000000000000000e+00 0.000000000000000000e+00 -7.419637843027259150e-01
-1.362372435695793582e+00 0.000000000000000000e+00 0.000000000000000000e+00 0.000000000000000000e+00 7.419637843027258040e-01
-1.376275643042056129e-01 0.000000000000000000e+00 0.000000000000000000e+00 0.000000000000000000e+00 2.334414218338976887e+00
1.125741132772072398e-02 0.000000000000000000e+00 0.000000000000000000e+00 0.000000000000000000e+00 -2.856970013872805580e+00
2.220759220056127692e-01 0.000000000000000000e+00 0.000000000000000000e+00 0.000000000000000000e+00 -1.355626179974265710e+00
2.220759220056126304e-01 0.000000000000000000e+00 0.000000000000000000e+00 0.000000000000000000e+00 1.355626179974266377e+00
1.125741132772067714e-02 0.000000000000000000e+00 0.000000000000000000e+00 0.000000000000000000e+00 2.856970013872805580e+00
-3.499999999999999112e+00 0.000000000000000000e+00 0.000000000000000000e+00 -1.000000000000000000e+00 0.000000000000000000e+00
1.083333333333332815e+00 0.000000000000000000e+00 0.000000000000000000e+00 -1.000000000000000000e+00 -1.000000000000000000e+00
1.083333333333332815e+00 0.000000000000000000e+00 0.000000000000000000e+00 -1.000000000000000000e+00 1.000000000000000000e+00
-2.500000000000001110e-01 0.000000000000000000e+00 0.000000000000000000e+00 -1.000000000000000000e+00 -1.732050807568877859e+00
-2.500000000000002220e-01 0.000000000000000000e+00 0.000000000000000000e+00 -1.000000000000000000e+00 1.732050807568877859e+00
2.293792738403423181e-02 0.000000000000000000e+00 0.000000000000000000e+00 -1.000000000000000000e+00 -2.334414218338976443e+00
2.270620726159657543e-01 0.000000000000000000e+00 0.000000000000000000e+00 -1.000000000000000000e+00 -7.419637843027259150e-01
2.270620726159655323e-01 0.000000000000000000e+00 0.000000000000000000e+00 -1.000000000000000000e+00 7.419637843027258040e-01
2.293792738403426651e-02 0.000000000000000000e+00 0.000000000000000000e+00 -1.000000000000000000e+00 2.334414218338976887e+00
-3.499999999999999112e+00 0.000000000000000000e+00 0.000000000000000000e+00 1.000000000000000000e+00 0.000000000000000000e+00
1.083333333333332815e+00 0.000000000000000000e+00 0.000000000000000000e+00 1.000000000000000000e+00 -1.000000000000000000e+00
1.083333333333332815e+00 0.000000000000000000e+00 0.000000000000000000e+00 1.000000000000000000e+00 1.000000000000000000e+00
-2.500000000000001110e-01 0.000000000000000000e+00 0.000000000000000000e+00 1.000000000000000000e+00 -1.732050807568877859e+00
-2.500000000000002220e-01 0.000000000000000000e+00 0.000000000000000000e+00 1.000000000000000000e+00 1.732050807568877859e+00
2.293792738403423181e-02 0.000000000000000000e+00 0.000000000000000000e+00 1.000000000000000000e+00 -2.334414218338976443e+00
2.270620726159657543e-01 0.000000000000000000e+00 0.000000000000000000e+00 1.000000000000000000e+00 -7.419637843027259150e-01
2.270620726159655323e-01 0.000000000000000000e+00 0.000000000000000000e+00 1.000000000000000000e+00 7.419637843027258040e-01
2.293792738403426651e-02 0.000000000000000000e+00 0.000000000000000000e+00 1.000000000000000000e+00 2.334414218338976887e+00
8.333333333333337034e-01 0.000000000000000000e+00 0.000000000000000000e+00 -1.732050807568877859e+00 0.000000000000000000e+00
-2.500000000000001110e-01 0.000000000000000000e+00 0.000000000000000000e+00 -1.732050807568877859e+00 -1.000000000000000000e+00
-2.500000000000001110e-01 0.000000000000000000e+00 0.000000000000000000e+00 -1.732050807568877859e+00 1.000000000000000000e+00
2.777777777777780746e-02 0.000000000000000000e+00 0.000000000000000000e+00 -1.732050807568877859e+00 -1.732050807568877859e+00
2.777777777777782481e-02 0.000000000000000000e+00 0.000000000000000000e+00 -1.732050807568877859e+00 1.732050807568877859e+00
8.333333333333341475e-01 0.000000000000000000e+00 0.000000000000000000e+00 1.732050807568877859e+00 0.000000000000000000e+00
-2.500000000000002220e-01 0.000000000000000000e+00 0.000000000000000000e+00 1.732050807568877859e+00 -1.000000000000000000e+00
-2.500000000000002220e-01 0.000000000000000000e+00 0.000000000000000000e+00 1.732050807568877859e+00 1.000000000000000000e+00
2.777777777777782481e-02 0.000000000000000000e+00 0.000000000000000000e+00 1.732050807568877859e+00 -1.732050807568877859e+00
2.777777777777783522e-02 0.000000000000000000e+00 0.000000000000000000e+00 1.732050807568877859e+00 1.732050807568877859e+00
-1.376275643042054186e-01 0.000000000000000000e+00 0.000000000000000000e+00 -2.334414218338976443e+00 0.000000000000000000e+00
2.293792738403423181e-02 0.000000000000000000e+00 0.000000000000000000e+00 -2.334414218338976443e+00 -1.000000000000000000e+00
2.293792738403423181e-02 0.000000000000000000e+00 0.000000000000000000e+00 -2.334414218338976443e+00 1.000000000000000000e+00
-1.362372435695794914e+00 0.000000000000000000e+00 0.000000000000000000e+00 -7.419637843027259150e-01 0.000000000000000000e+00
2.270620726159657543e-01 0.000000000000000000e+00 0.000000000000000000e+00 -7.419637843027259150e-01 -1.000000000000000000e+00
2.270620726159657543e-01 0.000000000000000000e+00 0.000000000000000000e+00 -7.419637843027259150e-01 1.000000000000000000e+00
-1.362372435695793582e+00 0.000000000000000000e+00 0.000000000000000000e+00 7.419637843027258040e-01 0.000000000000000000e+00
2.270620726159655323e-01 0.000000000000000000e+00 0.000000000000000000e+00 7.419637843027258040e-01 -1.000000000000000000e+00
2.270620726159655323e-01 0.000000000000000000e+00 0.000000000000000000e+00 7.419637843027258040e-01 1.000000000000000000e+00
-1.376275643042056129e-01 0.000000000000000000e+00 0.000000000000000000e+00 2.334414218338976887e+00 0.000000000000000000e+00
2.293792738403426651e-02 0.000000000000000000e+00 0.000000000000000000e+00 2.334414218338976887e+00 -1.000000000000000000e+00
2.293792738403426651e-02 0.000000000000000000e+00 0.000000000000000000e+00 2.334414218338976887e+00 1.000000000000000000e+00
1.125741132772072398e-02 0.000000000000000000e+00 0.000000000000000000e+00 -2.856970013872805580e+00 0.000000000000000000e+00
2.220759220056127692e-01 0.000000000000000000e+00 0.000000000000000000e+00 -1.355626179974265710e+00 0.000000000000000000e+00
2.220759220056126304e-01 0.000000000000000000e+00 0.000000000000000000e+00 1.355626179974266377e+00 0.000000000000000000e+00
1.125741132772067714e-02 0.000000000000000000e+00 0.000000000000000000e+00 2.856970013872805580e+00 0.000000000000000000e+00
-3.499999999999999112e+00 0.000000000000000000e+00 -1.000000000000000000e+00 0.000000000000000000e+00 0.000000000000000000e+00
1.083333333333333037e+00 0.000000000000000000e+00 -1.000000000000000000e+00 0.000000000000000000e+00 -1.000000000000000000e+00
1.083333333333333037e+00 0.000000000000000000e+00 -1.000000000000000000e+00 0.000000000000000000e+00 1.000000000000000000e+00
-2.500000000000001110e-01 0.000000000000000000e+00 -1.000000000000000000e+00 0.000000000000000000e+00 -1.732050807568877859e+00
-2.500000000000002220e-01 0.000000000000000000e+00 -1.000000000000000000e+00 0.000000000000000000e+00 1.732050807568877859e+00
2.293792738403423181e-02 0.000000000000000000e+00 -1.000000000000000000e+00 0.000000000000000000e+00 -2.334414218338976443e+00
2.270620726159657543e-01 0.000000000000000000e+00 -1.000000000000000000e+00 0.000000000000000000e+00 -7.419637843027259150e-01
2.270620726159655045e-01 0.000000000000000000e+00 -1.000000000000000000e+00 0.000000000000000000e+00 7.419637843027258040e-01
2.293792738403426651e-02 0.000000000000000000e+00 -1.000000000000000000e+00 0.000000000000000000e+00 2.334414218338976887e+00
1.083333333333333037e+00 0.000000000000000000e+00 -1.000000000000000000e+00 -1.000000000000000000e+00 0.000000000000000000e+00
-3.749999999999997780e-01 0.000000000000000000e+00 -1.000000000000000000e+00 -1.000000000000000000e+00 -1.000000000000000000e+00
-3.749999999999997780e-01 0.000000000000000000e+00 -1.000000000000000000e+00 -1.000000000000000000e+00 1.000000000000000000e+00
4.166666666666667129e-02 0.000000000000000000e+00 -1.000000000000000000e+00 -1.000000000000000000e+00 -1.732050807568877859e+00
4.166666666666669211e-02 0.000000000000000000e+00 -1.000000000000000000e+00 -1.000000000000000000e+00 1.732050807568877859e+00
1.083333333333333037e+00 0.000000000000000000e+00 -1.000000000000000000e+00 1.000000000000000000e+00 0.000000000000000000e+00
-3.749999999999997780e-01 0.000000000000000000e+00 -1.000000000000000000e+00 1.000000000000000000e+00 -1.000000000000000000e+00
-3.749999999999997780e-01 0.000000000000000000e+00 -1.000000000000000000e+00 1.000000000000000000e+00 1.000000000000000000e+00
4.166666666666667129e-02 0.000000000000000000e+00 -1.000000000000000000e+00 1.000000000000000000e+00 -1.732050807568877859e+00
4.166666666666669211e-02 0.000000000000000000e+00 -1.000000000000000000e+00 1.000000000000000000e+00 1.732050807568877859e+00
-2.500000000000001110e-01 0.000000000000000000e+00 -1.000000000000000000e+00 -1.732050807568877859e+00 0.000000000000000000e+00
4.166666666666667129e-02 0.000000000000000000e+00 -1.000000000000000000e+00 -1.732050807568877859e+00 -1.000000000000000000e+00
4.166666666666667129e-02 0.000000000000000000e+00 -1.000000000000000000e+00 -1.732050807568877859e+00 1.000000000000000000e+00
-2.500000000000002220e-01 0.000000000000000000e+00 -1.000000000000000000e+00 1.732050807568877859e+00 0.000000000000000000e+00
4.166666666666669211e-02 0.000000000000000000e+00 -1.000000000000000000e+00 1.732050807568877859e+00 -1.000000000000000000e+00
4.166666666666669211e-02 0.000000000000000000e+00 -1.000000000000000000e+00 1.732050807568877859e+00 1.000000000000000000e+00
2.293792738403423181e-02 0.000000000000000000e+00 -1.000000000000000000e+00 -2.334414218338976443e+00 0.000000000000000000e+00
2.270620726159657543e-01 0.000000000000000000e+00 -1.000000000000000000e+00 -7.419637843027259150e-01 0.000000000000000000e+00
2.270620726159655045e-01 0.000000000000000000e+00 -1.000000000000000000e+00 7.419637843027258040e-01 0.000000000000000000e+00
2.293792738403426651e-02 0.000000000000000000e+00 -1.000000000000000000e+00 2.334414218338976887e+00 0.000000000000000000e+00
-3.499999999999999112e+00 0.000000000000000000e+00 1.000000000000000000e+00 0.000000000000000000e+00 0.000000000000000000e+00
1.083333333333333037e+00 0.000000000000000000e+00 1.000000000000000000e+00 0.000000000000000000e+00 -1.000000000000000000e+00
1.083333333333333037e+00 0.000000000000000000e+00 1.000000000000000000e+00 0.000000000000000000e+00 1.000000000000000000e+00
-2.500000000000001110e-01 0.000000000000000000e+00 1.000000000000000000e+00 0.000000000000000000e+00 -1.732050807568877859e+00
-2.500000000000002220e-01 0.000000000000000000e+00 1.000000000000000000e+00 0.000000000000000000e+00 1.732050807568877859e+00
2.293792738403423181e-02 0.000000000000000000e+00 1.000000000000000000e+00 0.000000000000000000e+00 -2.334414218338976443e+00
2.270620726159657543e-01 0.000000000000000000e+00 1.000000000000000000e+00 0.000000000000000000e+00 -7.419637843027259150e-01
2.270620726159655045e-01 0.000000000000000000e+00 1.000000000000000000e+00 0.000000000000000000e+00 7.419637843027258040e-01
2.293792738403426651e-02 0.000000000000000000e+00 1.000000000000000000e+00 0.000000000000000000e+00 2.334414218338976887e+00
1.083333333333333037e+00 0.000000000000000000e+00 1.000000000000000000e+00 -1.000000000000000000e+00 0.000000000000000000e+00
-3.749999999999997780e-01 0.000000000000000000e+00 1.000000000000000000e+00 -1.000000000000000000e+00 -1.000000000000000000e+00
-3.749999999999997780e-01 0.000000000000000000e+00 1.000000000000000000e+00 -1.000000000000000000e+00 1.000000000000000000e+00
4.166666666666667129e-02 0.000000000000000000e+00 1.000000000000000000e+00 -1.000000000000000000e+00 -1.732050807568877859e+00
4.166666666666669211e-02 0.000000000000000000e+00 1.000000000000000000e+00 -1.000000000000000000e+00 1.732050807568877859e+00
1.083333333333333037e+00 0.000000000000000000e+00 1.000000000000000000e+00 1.000000000000000000e+00 0.000000000000000000e+00
-3.749999999999997780e-01 0.000000000000000000e+00 1.000000000000000000e+00 1.000000000000000000e+00 -1.000000000000000000e+00
-3.749999999999997780e-01 0.000000000000000000e+00 1.000000000000000000e+00 1.000000000000000000e+00 1.000000000000000000e+00
4.166666666666667129e-02 0.000000000000000000e+00 1.000000000000000000e+00 1.000000000000000000e+00 -1.732050807568877859e+00
4.166666666666669211e-02 0.000000000000000000e+00 1.000000000000000000e+00 1.000000000000000000e+00 1.732050807568877859e+00
-2.500000000000001110e-01 0.000000000000000000e+00 1.000000000000000000e+00 -1.732050807568877859e+00 0.000000000000000000e+00
4.166666666666667129e-02 0.000000000000000000e+00 1.000000000000000000e+00 -1.732050807568877859e+00 -1.000000000000000000e+00
4.166666666666667129e-02 0.000000000000000000e+00 1.000000000000000000e+00 -1.732050807568877859e+00 1.000000000000000000e+00
-2.500000000000002220e-01 0.000000000000000000e+00 1.000000000000000000e+00 1.732050807568877859e+00 0.000000000000000000e+00
4.166666666666669211e-02 0.000000000000000000e+00 1.000000000000000000e+00 1.732050807568877859e+00 -1.000000000000000000e+00
4.166666666666669211e-02 0.000000000000000000e+00 1.000000000000000000e+00 1.732050807568877859e+00 1.000000000000000000e+00
2.293792738403423181e-02 0.000000000000000000e+00 1.000000000000000000e+00 -2.334414218338976443e+00 0.000000000000000000e+00
2.270620726159657543e-01 0.000000000000000000e+00 1.000000000000000000e+00 -7.419637843027259150e-01 0.000000000000000000e+00
2.270620726159655045e-01 0.000000000000000000e+00 1.000000000000000000e+00 7.419637843027258040e-01 0.000000000000000000e+00
2.293792738403426651e-02 0.000000000000000000e+00 1.000000000000000000e+00 2.334414218338976887e+00 0.000000000000000000e+00
8.333333333333337034e-01 0.000000000000000000e+00 -1.732050807568877859e+00 0.000000000000000000e+00 0.000000000000000000e+00
-2.500000000000001110e-01 0.000000000000000000e+00 -1.732050807568877859e+00 0.000000000000000000e+00 -1.000000000000000000e+00
-2.500000000000001110e-01 0.000000000000000000e+00 -1.732050807568877859e+00 0.000000000000000000e+00 1.000000000000000000e+00
2.777777777777780746e-02 0.000000000000000000e+00 -1.732050807568877859e+00 0.000000000000000000e+00 -1.732050807568877859e+00
2.777777777777781787e-02 0.000000000000000000e+00 -1.732050807568877859e+00 0.000000000000000000e+00 1.732050807568877859e+00
-2.500000000000001110e-01 0.000000000000000000e+00 -1.732050807568877859e+00 -1.000000000000000000e+00 0.000000000000000000e+00
4.166666666666666435e-02 0.000000000000000000e+00 -1.732050807568877859e+00 -1.000000000000000000e+00 -1.000000000000000000e+00
4.166666666666666435e-02 0.000000000000000000e+00 -1.732050807568877859e+00 -1.000000000000000000e+00 1.000000000000000000e+00
-2.500000000000001110e-01 0.000000000000000000e+00 -1.732050807568877859e+00 1.000000000000000000e+00 0.000000000000000000e+00
4.166666666666666435e-02 0.000000000000000000e+00 -1.732050807568877859e+00 1.000000000000000000e+00 -1.000000000000000000e+00
4.166666666666666435e-02 0.000000000000000000e+00 -1.732050807568877859e+00 1.000000000000000000e+00 1.000000000000000000e+00
2.777777777777780746e-02 0.000000000000000000e+00 -1.732050807568877859e+00 -1.732050807568877859e+00 0.000000000000000000e+00
2.777777777777781787e-02 0.000000000000000000e+00 -1.732050807568877859e+00 1.732050807568877859e+00 0.000000000000000000e+00
8.333333333333341475e-01 0.000000000000000000e+00 1.732050807568877859e+00 0.000000000000000000e+00 0.000000000000000000e+00
-2.500000000000002776e-01 0.000000000000000000e+00 1.732050807568877859e+00 0.000000000000000000e+00 -1.000000000000000000e+00
-2.500000000000002776e-01 0.000000000000000000e+00 1.732050807568877859e+00 0.000000000000000000e+00 1.000000000000000000e+00
2.777777777777782481e-02 0.000000000000000000e+00 1.732050807568877859e+00 0.000000000000000000e+00 -1.732050807568877859e+00
2.777777777777782828e-02 0.000000000000000000e+00 1.732050807568877859e+00 0.000000000000000000e+00 1.732050807568877859e+00
-2.500000000000002776e-01 0.000000000000000000e+00 1.732050807568877859e+00 -1.000000000000000000e+00 0.000000000000000000e+00
4.166666666666669211e-02 0.000000000000000000e+00 1.732050807568877859e+00 -1.000000000000000000e+00 -1.000000000000000000e+00
4.166666666666669211e-02 0.000000000000000000e+00 1.732050807568877859e+00 -1.000000000000000000e+00 1.000000000000000000e+00
-2.500000000000002776e-01 0.000000000000000000e+00 1.732050807568877859e+00 1.000000000000000000e+00 0.000000000000000000e+00
4.166666666666669211e-02 0.000000000000000000e+00 1.732050807568877859e+00 1.000000000000000000e+00 -1.000000000000000000e+00
4.166666666666669211e-02 0.000000000000000000e+00 1.732050807568877859e+00 1.000000000000000000e+00 1.000000000000000000e+00
2.777777777777782481e-02 0.000000000000000000e+00 1.732050807568877859e+00 -1.732050807568877859e+00 0.000000000000000000e+00
2.777777777777782828e-02 0.000000000000000000e+00 1.732050807568877859e+00 1.732050807568877859e+00 0.000000000000000000e+00
-1.376275643042054186e-01 0.000000000000000000e+00 -2.334414218338976443e+00 0.000000000000000000e+00 0.000000000000000000e+00
2.293792738403423181e-02 0.000000000000000000e+00 -2.334414218338976443e+00 0.000000000000000000e+00 -1.000000000000000000e+00
2.293792738403423181e-02 0.000000000000000000e+00 -2.334414218338976443e+00 0.000000000000000000e+00 1.000000000000000000e+00
2.293792738403423181e-02 0.000000000000000000e+00 -2.334414218338976443e+00 -1.000000000000000000e+00 0.000000000000000000e+00
2.293792738403423181e-02 0.000000000000000000e+00 -2.334414218338976443e+00 1.000000000000000000e+00 0.000000000000000000e+00
-1.362372435695794914e+00 0.000000000000000000e+00 -7.419637843027259150e-01 0.000000000000000000e+00 0.000000000000000000e+00
2.270620726159657543e-01 0.000000000000000000e+00 -7.419637843027259150e-01 0.000000000000000000e+00 -1.000000000000000000e+00
2.270620726159657543e-01 0.000000000000000000e+00 -7.419637843027259150e-01 0.000000000000000000e+00 1.000000000000000000e+00
2.270620726159657543e-01 0.000000000000000000e+00 -7.419637843027259150e-01 -1.000000000000000000e+00 0.000000000000000000e+00
2.270620726159657543e-01 0.000000000000000000e+00 -7.419637843027259150e-01 1.000000000000000000e+00 0.000000000000000000e+00
-1.362372435695793582e+00 0.000000000000000000e+00 7.419637843027258040e-01 0.000000000000000000e+00 0.000000000000000000e+00
2.270620726159655045e-01 0.000000000000000000e+00 7.419637843027258040e-01 0.000000000000000000e+00 -1.000000000000000000e+00
2.270620726159655045e-01 0.000000000000000000e+00 7.419637843027258040e-01 0.000000000000000000e+00 1.000000000000000000e+00
2.270620726159655045e-01 0.000000000000000000e+00 7.419637843027258040e-01 -1.000000000000000000e+00 0.000000000000000000e+00
2.270620726159655045e-01 0.000000000000000000e+00 7.419637843027258040e-01 1.000000000000000000e+00 0.000000000000000000e+00
-1.376275643042056129e-01 0.000000000000000000e+00 2.334414218338976887e+00 0.000000000000000000e+00 0.000000000000000000e+00
2.293792738403426651e-02 0.000000000000000000e+00 2.334414218338976887e+00 0.000000000000000000e+00 -1.000000000000000000e+00
2.293792738403426651e-02 0.000000000000000000e+00 2.334414218338976887e+00 0.000000000000000000e+00 1.000000000000000000e+00
2.293792738403426651e-02 0.000000000000000000e+00 2.334414218338976887e+00 -1.000000000000000000e+00 0.000000000000000000e+00
2.293792738403426651e-02 0.000000000000000000e+00 2.334414218338976887e+00 1.000000000000000000e+00 0.000000000000000000e+00
1.125741132772072398e-02 0.000000000000000000e+00 -2.856970013872805580e+00 0.000000000000000000e+00 0.000000000000000000e+00
2.220759220056127692e-01 0.000000000000000000e+00 -1.355626179974265710e+00 0.000000000000000000e+00 0.000000000000000000e+00
2.220759220056126859e-01 0.000000000000000000e+00 1.355626179974266377e+00 0.000000000000000000e+00 0.000000000000000000e+00
1.125741132772067367e-02 0.000000000000000000e+00 2.856970013872805580e+00 0.000000000000000000e+00 0.000000000000000000e+00
-3.499999999999999112e+00 -1.000000000000000000e+00 0.000000000000000000e+00 0.000000000000000000e+00 0.000000000000000000e+00
1.083333333333332815e+00 -1.000000000000000000e+00 0.000000000000000000e+00 0.000000000000000000e+00 -1.000000000000000000e+00
1.083333333333332815e+00 -1.000000000000000000e+00 0.000000000000000000e+00 0.000000000000000000e+00 1.000000000000000000e+00
-2.500000000000001110e-01 -1.000000000000000000e+00 0.000000000000000000e+00 0.000000000000000000e+00 -1.732050807568877859e+00
-2.500000000000002220e-01 -1.000000000000000000e+00 0.000000000000000000e+00 0.000000000000000000e+00 1.732050807568877859e+00
2.293792738403422835e-02 -1.000000000000000000e+00 0.000000000000000000e+00 0.000000000000000000e+00 -2.334414218338976443e+00
2.270620726159657543e-01 -1.000000000000000000e+00 0.000000000000000000e+00 0.000000000000000000e+00 -7.419637843027259150e-01
2.270620726159655323e-01 -1.000000000000000000e+00 0.000000000000000000e+00 0.000000000000000000e+00 7.419637843027258040e-01
2.293792738403426651e-02 -1.000000000000000000e+00 0.000000000000000000e+00 0.000000000000000000e+00 2.334414218338976887e+00
1.083333333333332815e+00 -1.000000000000000000e+00 0.000000000000000000e+00 -1.000000000000000000e+00 0.000000000000000000e+00
-3.749999999999997780e-01 -1.000000000000000000e+00 0.000000000000000000e+00 -1.000000000000000000e+00 -1.000000000000000000e+00
-3.749999999999997780e-01 -1.000000000000000000e+00 0.000000000000000000e+00 -1.000000000000000000e+00 1.000000000000000000e+00
4.166666666666667129e-02 -1.000000000000000000e+00 0.000000000000000000e+00 -1.000000000000000000e+00 -1.732050807568877859e+00
4.166666666666669211e-02 -1.000000000000000000e+00 0.000000000000000000e+00 -1.000000000000000000e+00 1.732050807568877859e+00
1.083333333333332815e+00 -1.000000000000000000e+00 0.000000000000000000e+00 1.000000000000000000e+00 0.000000000000000000e+00
-3.749999999999997780e-01 -1.000000000000000000e+00 0.000000000000000000e+00 1.000000000000000000e+00 -1.000000000000000000e+00
-3.749999999999997780e-01 -1.000000000000000000e+00 0.000000000000000000e+00 1.000000000000000000e+00 1.000000000000000000e+00
4.166666666666667129e-02 -1.000000000000000000e+00 0.000000000000000000e+00 1.000000000000000000e+00 -1.732050807568877859e+00
4.166666666666669211e-02 -1.000000000000000000e+00 0.000000000000000000e+00 1.000000000000000000e+00 1.732050807568877859e+00
-2.500000000000001110e-01 -1.000000000000000000e+00 0.000000000000000000e+00 -1.732050807568877859e+00 0.000000000000000000e+00
4.166666666666667129e-02 -1.000000000000000000e+00 0.000000000000000000e+00 -1.732050807568877859e+00 -1.000000000000000000e+00
4.166666666666667129e-02 -1.000000000000000000e+00 0.000000000000000000e+00 -1.732050807568877859e+00 1.000000000000000000e+00
-2.500000000000002220e-01 -1.000000000000000000e+00 0.000000000000000000e+00 1.732050807568877859e+00 0.000000000000000000e+00
4.166666666666669211e-02 -1.000000000000000000e+00 0.000000000000000000e+00 1.732050807568877859e+00 -1.000000000000000000e+00
4.166666666666669211e-02 -1.000000000000000000e+00 0.000000000000000000e+00 1.732050807568877859e+00 1.000000000000000000e+00
2.293792738403422835e-02 -1.000000000000000000e+00 0.000000000000000000e+00 -2.334414218338976443e+00 0.000000000000000000e+00
2.270620726159657543e-01 -1.000000000000000000e+00 0.000000000000000000e+00 -7.419637843027259150e-01 0.000000000000000000e+00
2.270620726159655323e-01 -1.000000000000000000e+00 0.000000000000000000e+00 7.419637843027258040e-01 0.000000000000000000e+00
2.293792738403426651e-02 -1.000000000000000000e+00 0.000000000000000000e+00 2.334414218338976887e+00 0.000000000000000000e+00
1.083333333333332815e+00 -1.000000000000000000e+00 -1.000000000000000000e+00 0.000000000000000000e+00 0.000000000000000000e+00
-3.749999999999997780e-01 -1.000000000000000000e+00 -1.000000000000000000e+00 0.000000000000000000e+00 -1.000000000000000000e+00
-3.749999999999997780e-01 -1.000000000000000000e+00 -1.000000000000000000e+00 0.000000000000000000e+00 1.000000000000000000e+00
4.166666666666667129e-02 -1.000000000000000000e+00 -1.000000000000000000e+00 0.000000000000000000e+00 -1.732050807568877859e+00
4.166666666666669211e-02 -1.000000000000000000e+00 -1.000000000000000000e+00 0.000000000000000000e+00 1.732050807568877859e+00
-3.749999999999997780e-01 -1.000000000000000000e+00 -1.000000000000000000e+00 -1.000000000000000000e+00 0.000000000000000000e+00
6.249999999999995143e-02 -1.000000000000000000e+00 -1.000000000000000000e+00 -1.000000000000000000e+00 -1.000000000000000000e+00
6.249999999999995143e-02 -1.000000000000000000e+00 -1.000000000000000000e+00 -1.000000000000000000e+00 1.000000000000000000e+00
-3.749999999999997780e-01 -1.000000000000000000e+00 -1.000000000000000000e+00 1.000000000000000000e+00 0.000000000000000000e+00
6.249999999999995143e-02 -1.000000000000000000e+00 -1.000000000000000000e+00 1.000000000000000000e+00 -1.000000000000000000e+00
6.249999999999995143e-02 -1.000000000000000000e+00 -1.000000000000000000e+00 1.000000000000000000e+00 1.000000000000000000e+00
4.166666666666667129e-02 -1.000000000000000000e+00 -1.000000000000000000e+00 -1.732050807568877859e+00 0.000000000000000000e+00
4.166666666666669211e-02 -1.000000000000000000e+00 -1.000000000000000000e+00 1.732050807568877859e+00 0.000000000000000000e+00
1.083333333333332815e+00 -1.000000000000000000e+00 1.000000000000000000e+00 0.000000000000000000e+00 0.000000000000000000e+00
-3.749999999999997780e-01 -1.000000000000000000e+00 1.000000000000000000e+00 0.000000000000000000e+00 -1.000000000000000000e+00
-3.749999999999997780e-01 -1.000000000000000000e+00 1.000000000000000000e+00 0.000000000000000000e+00 1.000000000000000000e+00
4.166666666666667129e-02 -1.000000000000000000e+00 1.000000000000000000e+00 0.000000000000000000e+00 -1.732050807568877859e+00
4.166666666666669211e-02 -1.000000000000000000e+00 1.000000000000000000e+00 0.000000000000000000e+00 1.732050807568877859e+00
-3.749999999999997780e-01 -1.000000000000000000e+00 1.000000000000000000e+00 -1.000000000000000000e+00 0.000000000000000000e+00
6.249999999999995143e-02 -1.000000000000000000e+00 1.000000000000000000e+00 -1.000000000000000000e+00 -1.000000000000000000e+00
6.249999999999995143e-02 -1.000000000000000000e+00 1.000000000000000000e+00 -1.000000000000000000e+00 1.000000000000000000e+00
-3.749999999999997780e-01 -1.000000000000000000e+00 1.000000000000000000e+00 1.000000000000000000e+00 0.000000000000000000e+00
6.249999999999995143e-02 -1.000000000000000000e+00 1.000000000000000000e+00 1.000000000000000000e+00 -1.000000000000000000e+00
6.249999999999995143e-02 -1.000000000000000000e+00 1.000000000000000000e+00 1.000000000000000000e+00 1.000000000000000000e+00
4.166666666666667129e-02 -1.000000000000000000e+00 1.000000000000000000e+00 -1.732050807568877859e+00 0.000000000000000000e+00
4.166666666666669211e-02 -1.000000000000000000e+00 1.000000000000000000e+00 1.732050807568877859e+00 0.000000000000000000e+00
-2.500000000000001110e-01 -1.000000000000000000e+00 -1.732050807568877859e+00 0.000000000000000000e+00 0.000000000000000000e+00
4.166666666666666435e-02 -1.000000000000000000e+00 -1.732050807568877859e+00 0.000000000000000000e+00 -1.000000000000000000e+00
4.166666666666666435e-02 -1.000000000000000000e+00 -1.732050807568877859e+00 0.000000000000000000e+00 1.000000000000000000e+00
4.166666666666666435e-02 -1.000000000000000000e+00 -1.732050807568877859e+00 -1.000000000000000000e+00 0.000000000000000000e+00
4.166666666666666435e-02 -1.000000000000000000e+00 -1.732050807568877859e+00 1.000000000000000000e+00 0.000000000000000000e+00
-2.500000000000002776e-01 -1.000000000000000000e+00 1.732050807568877859e+00 0.000000000000000000e+00 0.000000000000000000e+00
4.166666666666669905e-02 -1.000000000000000000e+00 1.732050807568877859e+00 0.000000000000000000e+00 -1.000000000000000000e+00
4.166666666666669905e-02 -1.000000000000000000e+00 1.732050807568877859e+00 0.000000000000000000e+00 1.000000000000000000e+00
4.166666666666669905e-02 -1.000000000000000000e+00 1.732050807568877859e+00 -1.000000000000000000e+00 0.000000000000000000e+00
4.166666666666669905e-02 -1.000000000000000000e+00 1.732050807568877859e+00 1.000000000000000000e+00 0.000000000000000000e+00
2.293792738403422835e-02 -1.000000000000000000e+00 -2.334414218338976443e+00 0.000000000000000000e+00 0.000000000000000000e+00
2.270620726159657543e-01 -1.000000000000000000e+00 -7.419637843027259150e-01 0.000000000000000000e+00 0.000000000000000000e+00
2.270620726159655323e-01 -1.000000000000000000e+00 7.419637843027258040e-01 0.000000000000000000e+00 0.000000000000000000e+00
2.293792738403426651e-02 -1.000000000000000000e+00 2.334414218338976887e+00 0.000000000000000000e+00 0.000000000000000000e+00
-3.499999999999999112e+00 1.000000000000000000e+00 0.000000000000000000e+00 0.000000000000000000e+00 0.000000000000000000e+00
1.083333333333332815e+00 1.000000000000000000e+00 0.000000000000000000e+00 0.000000000000000000e+00 -1.000000000000000000e+00
1.083333333333332815e+00 1.000000000000000000e+00 0.000000000000000000e+00 0.000000000000000000e+00 1.000000000000000000e+00
-2.500000000000001110e-01 1.000000000000000000e+00 0.000000000000000000e+00 0.000000000000000000e+00 -1.732050807568877859e+00
-2.500000000000002220e-01 1.000000000000000000e+00 0.000000000000000000e+00 0.000000000000000000e+00 1.732050807568877859e+00
2.293792738403422835e-02 1.000000000000000000e+00 0.000000000000000000e+00 0.000000000000000000e+00 -2.334414218338976443e+00
2.270620726159657543e-01 1.000000000000000000e+00 0.000000000000000000e+00 0.000000000000000000e+00 -7.419637843027259150e-01
2.270620726159655323e-01 1.000000000000000000e+00 0.000000000000000000e+00 0.000000000000000000e+00 7.419637843027258040e-01
2.293792738403426651e-02 1.000000000000000000e+00 0.000000000000000000e+00 0.000000000000000000e+00 2.334414218338976887e+00
1.083333333333332815e+00 1.000000000000000000e+00 0.000000000000000000e+00 -1.000000000000000000e+00 0.000000000000000000e+00
-3.749999999999997780e-01 1.000000000000000000e+00 0.000000000000000000e+00 -1.000000000000000000e+00 -1.000000000000000000e+00
-3.749999999999997780e-01 1.000000000000000000e+00 0.000000000000000000e+00 -1.000000000000000000e+00 1.000000000000000000e+00
4.166666666666667129e-02 1.000000000000000000e+00 0.000000000000000000e+00 -1.000000000000000000e+00 -1.732050807568877859e+00
4.166666666666669211e-02 1.000000000000000000e+00 0.000000000000000000e+00 -1.000000000000000000e+00 1.732050807568877859e+00
1.083333333333332815e+00 1.000000000000000000e+00 0.000000000000000000e+00 1.000000000000000000e+00 0.000000000000000000e+00
-3.749999999999997780e-01 1.000000000000000000e+00 0.000000000000000000e+00 1.000000000000000000e+00 -1.000000000000000000e+00
-3.749999999999997780e-01 1.000000000000000000e+00 0.000000000000000000e+00 1.000000000000000000e+00 1.000000000000000000e+00
4.166666666666667129e-02 1.000000000000000000e+00 0.000000000000000000e+00 1.000000000000000000e+00 -1.732050807568877859e+00
4.166666666666669211e-02 1.000000000000000000e+00 0.000000000000000000e+00 1.000000000000000000e+00 1.732050807568877859e+00
-2.500000000000001110e-01 1.000000000000000000e+00 0.000000000000000000e+00 -1.732050807568877859e+00 0.000000000000000000e+00
4.166666666666667129e-02 1.000000000000000000e+00 0.000000000000000000e+00 -1.732050807568877859e+00 -1.000000000000000000e+00
4.166666666666667129e-02 1.000000000000000000e+00 0.000000000000000000e+00 -1.732050807568877859e+00 1.000000000000000000e+00
-2.500000000000002220e-01 1.000000000000000000e+00 0.000000000000000000e+00 1.732050807568877859e+00 0.000000000000000000e+00
4.166666666666669211e-02 1.000000000000000000e+00 0.000000000000000000e+00 1.732050807568877859e+00 -1.000000000000000000e+00
4.166666666666669211e-02 1.000000000000000000e+00 0.000000000000000000e+00 1.732050807568877859e+00 1.000000000000000000e+00
2.293792738403422835e-02 1.000000000000000000e+00 0.000000000000000000e+00 -2.334414218338976443e+00 0.000000000000000000e+00
2.270620726159657543e-01 1.000000000000000000e+00 0.000000000000000000e+00 -7.419637843027259150e-01 0.000000000000000000e+00
2.270620726159655323e-01 1.000000000000000000e+00 0.000000000000000000e+00 7.419637843027258040e-01 0.000000000000000000e+00
2.293792738403426651e-02 1.000000000000000000e+00 0.000000000000000000e+00 2.334414218338976887e+00 0.000000000000000000e+00
1.083333333333332815e+00 1.000000000000000000e+00 -1.000000000000000000e+00 0.000000000000000000e+00 0.000000000000000000e+00
-3.749999999999997780e-01 1.000000000000000000e+00 -1.000000000000000000e+00 0.000000000000000000e+00 -1.000000000000000000e+00
-3.749999999999997780e-01 1.000000000000000000e+00 -1.000000000000000000e+00 0.000000000000000000e+00 1.000000000000000000e+00
4.166666666666667129e-02 1.000000000000000000e+00 -1.000000000000000000e+00 0.000000000000000000e+00 -1.732050807568877859e+00
4.166666666666669211e-02 1.000000000000000000e+00 -1.000000000000000000e+00 0.000000000000000000e+00 1.732050807568877859e+00
-3.749999999999997780e-01 1.000000000000000000e+00 -1.000000000000000000e+00 -1.000000000000000000e+00 0.000000000000000000e+00
6.249999999999995143e-02 1.000000000000000000e+00 -1.000000000000000000e+00 -1.000000000000000000e+00 -1.000000000000000000e+00
6.249999999999995143e-02 1.000000000000000000e+00 -1.000000000000000000e+00 -1.000000000000000000e+00 1.000000000000000000e+00
-3.749999999999997780e-01 1.000000000000000000e+00 -1.000000000000000000e+00 1.000000000000000000e+00 0.000000000000000000e+00
6.249999999999995143e-02 1.000000000000000000e+00 -1.000000000000000000e+00 1.000000000000000000e+00 -1.000000000000000000e+00
6.249999999999995143e-02 1.000000000000000000e+00 -1.000000000000000000e+00 1.000000000000000000e+00 1.000000000000000000e+00
4.166666666666667129e-02 1.000000000000000000e+00 -1.000000000000000000e+00 -1.732050807568877859e+00 0.000000000000000000e+00
4.166666666666669211e-02 1.000000000000000000e+00 -1.000000000000000000e+00 1.732050807568877859e+00 0.000000000000000000e+00
1.083333333333332815e+00 1.000000000000000000e+00 1.000000000000000000e+00 0.000000000000000000e+00 0.000000000000000000e+00
-3.749999999999997780e-01 1.000000000000000000e+00 1.000000000000000000e+00 0.000000000000000000e+00 -1.000000000000000000e+00
-3.749999999999997780e-01 1.000000000000000000e+00 1.000000000000000000e+00 0.000000000000000000e+00 1.000000000000000000e+00
4.166666666666667129e-02 1.000000000000000000e+00 1.000000000000000000e+00 0.000000000000000000e+00 -1.732050807568877859e+00
4.166666666666669211e-02 1.000000000000000000e+00 1.000000000000000000e+00 0.000000000000000000e+00 1.732050807568877859e+00
-3.749999999999997780e-01 1.000000000000000000e+00 1.000000000000000000e+00 -1.000000000000000000e+00 0.000000000000000000e+00
6.249999999999995143e-02 1.000000000000000000e+00 1.000000000000000000e+00 -1.000000000000000000e+00 -1.000000000000000000e+00
6.249999999999995143e-02 1.000000000000000000e+00 1.000000000000000000e+00 -1.000000000000000000e+00 1.000000000000000000e+00
-3.749999999999997780e-01 1.000000000000000000e+00 1.000000000000000000e+00 1.000000000000000000e+00 0.000000000000000000e+00
6.249999999999995143e-02 1.000000000000000000e+00 1.000000000000000000e+00 1.000000000000000000e+00 -1.000000000000000000e+00
6.249999999999995143e-02 1.000000000000000000e+00 1.000000000000000000e+00 1.000000000000000000e+00 1.000000000000000000e+00
4.166666666666667129e-02 1.000000000000000000e+00 1.000000000000000000e+00 -1.732050807568877859e+00 0.000000000000000000e+00
4.166666666666669211e-02 1.000000000000000000e+00 1.000000000000000000e+00 1.732050807568877859e+00 0.000000000000000000e+00
-2.500000000000001110e-01 1.000000000000000000e+00 -1.732050807568877859e+00 0.000000000000000000e+00 0.000000000000000000e+00
4.166666666666666435e-02 1.000000000000000000e+00 -1.732050807568877859e+00 0.000000000000000000e+00 -1.000000000000000000e+00
4.166666666666666435e-02 1.000000000000000000e+00 -1.732050807568877859e+00 0.000000000000000000e+00 1.000000000000000000e+00
4.166666666666666435e-02 1.000000000000000000e+00 -1.732050807568877859e+00 -1.000000000000000000e+00 0.000000000000000000e+00
4.166666666666666435e-02 1.000000000000000000e+00 -1.732050807568877859e+00 1.000000000000000000e+00 0.000000000000000000e+00
-2.500000000000002776e-01 1.000000000000000000e+00 1.732050807568877859e+00 0.000000000000000000e+00 0.000000000000000000e+00
4.166666666666669905e-02 1.000000000000000000e+00 1.732050807568877859e+00 0.000000000000000000e+00 -1.000000000000000000e+00
4.166666666666669905e-02 1.000000000000000000e+00 1.732050807568877859e+00 0.000000000000000000e+00 1.000000000000000000e+00
4.166666666666669905e-02 1.000000000000000000e+00 1.732050807568877859e+00 -1.000000000000000000e+00 0.000000000000000000e+00
4.166666666666669905e-02 1.000000000000000000e+00 1.732050807568877859e+00 1.000000000000000000e+00 0.000000000000000000e+00
2.293792738403422835e-02 1.000000000000000000e+00 -2.334414218338976443e+00 0.000000000000000000e+00 0.000000000000000000e+00
2.270620726159657543e-01 1.000000000000000000e+00 -7.419637843027259150e-01 0.000000000000000000e+00 0.000000000000000000e+00
2.270620726159655323e-01 1.000000000000000000e+00 7.419637843027258040e-01 0.000000000000000000e+00 0.000000000000000000e+00
2.293792738403426651e-02 1.000000000000000000e+00 2.334414218338976887e+00 0.000000000000000000e+00 0.000000000000000000e+00
8.333333333333337034e-01 -1.732050807568877859e+00 0.000000000000000000e+00 0.000000000000000000e+00 0.000000000000000000e+00
-2.500000000000001110e-01 -1.732050807568877859e+00 0.000000000000000000e+00 0.000000000000000000e+00 -1.000000000000000000e+00
-2.500000000000001110e-01 -1.732050807568877859e+00 0.000000000000000000e+00 0.000000000000000000e+00 1.000000000000000000e+00
2.777777777777780746e-02 -1.732050807568877859e+00 0.000000000000000000e+00 0.000000000000000000e+00 -1.732050807568877859e+00
2.777777777777781787e-02 -1.732050807568877859e+00 0.000000000000000000e+00 0.000000000000000000e+00 1.732050807568877859e+00
-2.500000000000001110e-01 -1.732050807568877859e+00 0.000000000000000000e+00 -1.000000000000000000e+00 0.000000000000000000e+00
4.166666666666666435e-02 -1.732050807568877859e+00 0.000000000000000000e+00 -1.000000000000000000e+00 -1.000000000000000000e+00
4.166666666666666435e-02 -1.732050807568877859e+00 0.000000000000000000e+00 -1.000000000000000000e+00 1.000000000000000000e+00
-2.500000000000001110e-01 -1.732050807568877859e+00 0.000000000000000000e+00 1.000000000000000000e+00 0.000000000000000000e+00
4.166666666666666435e-02 -1.732050807568877859e+00 0.000000000000000000e+00 1.000000000000000000e+00 -1.000000000000000000e+00
4.166666666666666435e-02 -1.732050807568877859e+00 0.000000000000000000e+00 1.000000000000000000e+00 1.000000000000000000e+00
2.777777777777780746e-02 -1.732050807568877859e+00 0.000000000000000000e+00 -1.732050807568877859e+00 0.000000000000000000e+00
2.777777777777781787e-02 -1.732050807568877859e+00 0.000000000000000000e+00 1.732050807568877859e+00 0.000000000000000000e+00
-2.500000000000001110e-01 -1.732050807568877859e+00 -1.000000000000000000e+00 0.000000000000000000e+00 0.000000000000000000e+00
4.166666666666667129e-02 -1.732050807568877859e+00 -1.000000000000000000e+00 0.000000000000000000e+00 -1.000000000000000000e+00
4.166666666666667129e-02 -1.732050807568877859e+00 -1.000000000000000000e+00 0.000000000000000000e+00 1.000000000000000000e+00
4.166666666666667129e-02 -1.732050807568877859e+00 -1.000000000000000000e+00 -1.000000000000000000e+00 0.000000000000000000e+00
4.166666666666667129e-02 -1.732050807568877859e+00 -1.000000000000000000e+00 1.000000000000000000e+00 0.000000000000000000e+00
-2.500000000000001110e-01 -1.732050807568877859e+00 1.000000000000000000e+00 0.000000000000000000e+00 0.000000000000000000e+00
4.166666666666667129e-02 -1.732050807568877859e+00 1.000000000000000000e+00 0.000000000000000000e+00 -1.000000000000000000e+00
4.166666666666667129e-02 -1.732050807568877859e+00 1.000000000000000000e+00 0.000000000000000000e+00 1.000000000000000000e+00
4.166666666666667129e-02 -1.732050807568877859e+00 1.000000000000000000e+00 -1.000000000000000000e+00 0.000000000000000000e+00
4.166666666666667129e-02 -1.732050807568877859e+00 1.000000000000000000e+00 1.000000000000000000e+00 0.000000000000000000e+00
2.777777777777780746e-02 -1.732050807568877859e+00 -1.732050807568877859e+00 0.000000000000000000e+00 0.000000000000000000e+00
2.777777777777782481e-02 -1.732050807568877859e+00 1.732050807568877859e+00 0.000000000000000000e+00 0.000000000000000000e+00
8.333333333333342585e-01 1.732050807568877859e+00 0.000000000000000000e+00 0.000000000000000000e+00 0.000000000000000000e+00
-2.500000000000002220e-01 1.732050807568877859e+00 0.000000000000000000e+00 0.000000000000000000e+00 -1.000000000000000000e+00
-2.500000000000002220e-01 1.732050807568877859e+00 0.000000000000000000e+00 0.000000000000000000e+00 1.000000000000000000e+00
2.777777777777782481e-02 1.732050807568877859e+00 0.000000000000000000e+00 0.000000000000000000e+00 -1.732050807568877859e+00
2.777777777777783522e-02 1.732050807568877859e+00 0.000000000000000000e+00 0.000000000000000000e+00 1.732050807568877859e+00
-2.500000000000002220e-01 1.732050807568877859e+00 0.000000000000000000e+00 -1.000000000000000000e+00 0.000000000000000000e+00
4.166666666666669211e-02 1.732050807568877859e+00 0.000000000000000000e+00 -1.000000000000000000e+00 -1.000000000000000000e+00
4.166666666666669211e-02 1.732050807568877859e+00 0.000000000000000000e+00 -1.000000000000000000e+00 1.000000000000000000e+00
-2.500000000000002220e-01 1.732050807568877859e+00 0.000000000000000000e+00 1.000000000000000000e+00 0.000000000000000000e+00
4.166666666666669211e-02 1.732050807568877859e+00 0.000000000000000000e+00 1.000000000000000000e+00 -1.000000000000000000e+00
4.166666666666669211e-02 1.732050807568877859e+00 0.000000000000000000e+00 1.000000000000000000e+00 1.000000000000000000e+00
2.777777777777782481e-02 1.732050807568877859e+00 0.000000000000000000e+00 -1.732050807568877859e+00 0.000000000000000000e+00
2.777777777777783522e-02 1.732050807568877859e+00 0.000000000000000000e+00 1.732050807568877859e+00 0.000000000000000000e+00
-2.500000000000002220e-01 1.732050807568877859e+00 -1.000000000000000000e+00 0.000000000000000000e+00 0.000000000000000000e+00
4.166666666666669905e-02 1.732050807568877859e+00 -1.000000000000000000e+00 0.000000000000000000e+00 -1.000000000000000000e+00
4.166666666666669905e-02 1.732050807568877859e+00 -1.000000000000000000e+00 0.000000000000000000e+00 1.000000000000000000e+00
4.166666666666669905e-02 1.732050807568877859e+00 -1.000000000000000000e+00 -1.000000000000000000e+00 0.000000000000000000e+00
4.166666666666669905e-02 1.732050807568877859e+00 -1.000000000000000000e+00 1.000000000000000000e+00 0.000000000000000000e+00
-2.500000000000002220e-01 1.732050807568877859e+00 1.000000000000000000e+00 0.000000000000000000e+00 0.000000000000000000e+00
4.166666666666669905e-02 1.732050807568877859e+00 1.000000000000000000e+00 0.000000000000000000e+00 -1.000000000000000000e+00
4.166666666666669905e-02 1.732050807568877859e+00 1.000000000000000000e+00 0.000000000000000000e+00 1.000000000000000000e+00
4.166666666666669905e-02 1.732050807568877859e+00 1.000000000000000000e+00 -1.000000000000000000e+00 0.000000000000000000e+00
4.166666666666669905e-02 1.732050807568877859e+00 1.000000000000000000e+00 1.000000000000000000e+00 0.000000000000000000e+00
2.777777777777781787e-02 1.732050807568877859e+00 -1.732050807568877859e+00 0.000000000000000000e+00 0.000000000000000000e+00
2.777777777777783522e-02 1.732050807568877859e+00 1.732050807568877859e+00 0.000000000000000000e+00 0.000000000000000000e+00
-1.376275643042054464e-01 -2.334414218338976443e+00 0.000000000000000000e+00 0.000000000000000000e+00 0.000000000000000000e+00
2.293792738403423181e-02 -2.334414218338976443e+00 0.000000000000000000e+00 0.000000000000000000e+00 -1.000000000000000000e+00
2.293792738403423181e-02 -2.334414218338976443e+00 0.000000000000000000e+00 0.000000000000000000e+00 1.000000000000000000e+00
2.293792738403423181e-02 -2.334414218338976443e+00 0.000000000000000000e+00 -1.000000000000000000e+00 0.000000000000000000e+00
2.293792738403423181e-02 -2.334414218338976443e+00 0.000000000000000000e+00 1.000000000000000000e+00 0.000000000000000000e+00
2.293792738403423181e-02 -2.334414218338976443e+00 -1.000000000000000000e+00 0.000000000000000000e+00 0.000000000000000000e+00
2.293792738403423181e-02 -2.334414218338976443e+00 1.000000000000000000e+00 0.000000000000000000e+00 0.000000000000000000e+00
-1.362372435695795136e+00 -7.419637843027259150e-01 0.000000000000000000e+00 0.000000000000000000e+00 0.000000000000000000e+00
2.270620726159657543e-01 -7.419637843027259150e-01 0.000000000000000000e+00 0.000000000000000000e+00 -1.000000000000000000e+00
2.270620726159657543e-01 -7.419637843027259150e-01 0.000000000000000000e+00 0.000000000000000000e+00 1.000000000000000000e+00
2.270620726159657543e-01 -7.419637843027259150e-01 0.000000000000000000e+00 -1.000000000000000000e+00 0.000000000000000000e+00
2.270620726159657543e-01 -7.419637843027259150e-01 0.000000000000000000e+00 1.000000000000000000e+00 0.000000000000000000e+00
2.270620726159657543e-01 -7.419637843027259150e-01 -1.000000000000000000e+00 0.000000000000000000e+00 0.000000000000000000e+00
2.270620726159657543e-01 -7.419637843027259150e-01 1.000000000000000000e+00 0.000000000000000000e+00 0.000000000000000000e+00
-1.362372435695793582e+00 7.419637843027258040e-01 0.000000000000000000e+00 0.000000000000000000e+00 0.000000000000000000e+00
2.270620726159655045e-01 7.419637843027258040e-01 0.000000000000000000e+00 0.000000000000000000e+00 -1.000000000000000000e+00
2.270620726159655045e-01 7.419637843027258040e-01 0.000000000000000000e+00 0.000000000000000000e+00 1.000000000000000000e+00
2.270620726159655045e-01 7.419637843027258040e-01 0.000000000000000000e+00 -1.000000000000000000e+00 0.000000000000000000e+00
2.270620726159655045e-01 7.419637843027258040e-01 0.000000000000000000e+00 1.000000000000000000e+00 0.000000000000000000e+00
2.270620726159655045e-01 7.419637843027258040e-01 -1.000000000000000000e+00 0.000000000000000000e+00 0.000000000000000000e+00
2.270620726159655045e-01 7.419637843027258040e-01 1.000000000000000000e+00 0.000000000000000000e+00 0.000000000000000000e+00
-1.376275643042056407e-01 2.334414218338976887e+00 0.000000000000000000e+00 0.000000000000000000e+00 0.000000000000000000e+00
2.293792738403426651e-02 2.334414218338976887e+00 0.000000000000000000e+00 0.000000000000000000e+00 -1.000000000000000000e+00
2.293792738403426651e-02 2.334414218338976887e+00 0.000000000000000000e+00 0.000000000000000000e+00 1.000000000000000000e+00
2.293792738403426651e-02 2.334414218338976887e+00 0.000000000000000000e+00 -1.000000000000000000e+00 0.000000000000000000e+00
2.293792738403426651e-02 2.334414218338976887e+00 0.000000000000000000e+00 1.000000000000000000e+00 0.000000000000000000e+00
2.293792738403426651e-02 2.334414218338976887e+00 -1.000000000000000000e+00 0.000000000000000000e+00 0.000000000000000000e+00
2.293792738403426651e-02 2.334414218338976887e+00 1.000000000000000000e+00 0.000000000000000000e+00 0.000000000000000000e+00
1.125741132772072571e-02 -2.856970013872805580e+00 0.000000000000000000e+00 0.000000000000000000e+00 0.000000000000000000e+00
2.220759220056127692e-01 -1.355626179974265710e+00 0.000000000000000000e+00 0.000000000000000000e+00 0.000000000000000000e+00
2.220759220056126859e-01 1.355626179974266377e+00 0.000000000000000000e+00 0.000000000000000000e+00 0.000000000000000000e+00
1.125741132772067540e-02 2.856970013872805580e+00 0.000000000000000000e+00 0.000000000000000000e+00 0.000000000000000000e+00
