1.625396825396826950e+00 0.000000000000000000e+00 0.000000000000000000e+00
-2.666666666666669405e-01 0.000000000000000000e+00 -1.000000000000000000e+00
-2.666666666666669405e-01 0.000000000000000000e+00 1.000000000000000000e+00
8.888888888888903106e-02 0.000000000000000000e+00 -1.732050807568877859e+00
8.888888888888908657e-02 0.000000000000000000e+00 1.732050807568877859e+00
-3.058390317871230099e-02 0.000000000000000000e+00 -2.334414218338976443e+00
-3.027494301546209687e-01 0.000000000000000000e+00 -7.419637843027259150e-01
-3.027494301546206357e-01 0.000000000000000000e+00 7.419637843027258040e-01
-3.058390317871234956e-02 0.000000000000000000e+00 2.334414218338976887e+00
7.504940885147146426e-03 0.000000000000000000e+00 -2.856970013872805580e+00
1.480506146704084480e-01 0.000000000000000000e+00 -1.355626179974265710e+00
1.480506146704083648e-01 0.000000000000000000e+00 1.355626179974266377e+00
7.504940885147113466e-03 0.000000000000000000e+00 2.856970013872805580e+00
-2.555784402055988509e-03 0.000000000000000000e+00 -3.324257433552119778e+00
-8.861574604191478632e-02 0.000000000000000000e+00 -1.889175877753709543e+00
-4.088284695560294724e-01 0.000000000000000000e+00 -6.167065901925937732e-01
-4.088284695559997184e-01 0.000000000000000000e+00 6.167065901925934401e-01
-8.861574604194420723e-02 0.000000000000000000e+00 1.889175877753710209e+00
-2.555784402056259560e-03 0.000000000000000000e+00 3.324257433552119778e+00
5.482688559722203800e-04 0.000000000000000000e+00 -3.750439717725742916e+00
3.075712396759513328e-02 0.000000000000000000e+00 -2.366759410734541103e+00
2.401231786050126993e-01 0.000000000000000000e+00 -1.154405394739968171e+00
2.401231786050078698e-01 0.000000000000000000e+00 1.154405394739968171e+00
3.075712396758300757e-02 0.000000000000000000e+00 2.366759410734540658e+00
5.482688559722155011e-04 0.000000000000000000e+00 3.750439717725742916e+00
-2.666666666666669405e-01 -1.000000000000000000e+00 0.000000000000000000e+00
-5.628705663860361121e-03 -1.000000000000000000e+00 -2.856970013872805580e+00
-1.110379610028063568e-01 -1.000000000000000000e+00 -1.355626179974265710e+00
-1.110379610028063013e-01 -1.000000000000000000e+00 1.355626179974266377e+00
-5.628705663860335100e-03 -1.000000000000000000e+00 2.856970013872805580e+00
1.277892201027994038e-03 -1.000000000000000000e+00 -3.324257433552119778e+00
4.430787302095738622e-02 -1.000000000000000000e+00 -1.889175877753709543e+00
2.044142347780146807e-01 -1.000000000000000000e+00 -6.167065901925937732e-01
2.044142347779998037e-01 -1.000000000000000000e+00 6.167065901925934401e-01
4.430787302097209668e-02 -1.000000000000000000e+00 1.889175877753710209e+00
1.277892201028129346e-03 -1.000000000000000000e+00 3.324257433552119778e+00
-2.666666666666669405e-01 1.000000000000000000e+00 0.000000000000000000e+00
-5.628705663860361121e-03 1.000000000000000000e+00 -2.856970013872805580e+00
-1.110379610028063568e-01 1.000000000000000000e+00 -1.355626179974265710e+00
-1.110379610028063013e-01 1.000000000000000000e+00 1.355626179974266377e+00
-5.628705663860335100e-03 1.000000000000000000e+00 2.856970013872805580e+00
1.277892201027994038e-03 1.000000000000000000e+00 -3.324257433552119778e+00
4.430787302095738622e-02 1.000000000000000000e+00 -1.889175877753709543e+00
2.044142347780146807e-01 1.000000000000000000e+00 -6.167065901925937732e-01
2.044142347779998037e-01 1.000000000000000000e+00 6.167065901925934401e-01
4.430787302097209668e-02 1.000000000000000000e+00 1.889175877753710209e+00
1.277892201028129346e-03 1.000000000000000000e+00 3.324257433552119778e+00
8.888888888888903106e-02 -1.732050807568877859e+00 0.000000000000000000e+00
-7.645975794678081319e-03 -1.732050807568877859e+00 -2.334414218338976443e+00
-7.568735753865529770e-02 -1.732050807568877859e+00 -7.419637843027259150e-01
-7.568735753865521443e-02 -1.732050807568877859e+00 7.419637843027258040e-01
-7.645975794678092595e-03 -1.732050807568877859e+00 2.334414218338976887e+00
1.876235221286788124e-03 -1.732050807568877859e+00 -2.856970013872805580e+00
3.701265366760213976e-02 -1.732050807568877859e+00 -1.355626179974265710e+00
3.701265366760211895e-02 -1.732050807568877859e+00 1.355626179974266377e+00
1.876235221286779668e-03 -1.732050807568877859e+00 2.856970013872805580e+00
8.888888888888908657e-02 1.732050807568877859e+00 0.000000000000000000e+00
-7.645975794678085656e-03 1.732050807568877859e+00 -2.334414218338976443e+00
-7.568735753865533933e-02 1.732050807568877859e+00 -7.419637843027259150e-01
-7.568735753865525606e-02 1.732050807568877859e+00 7.419637843027258040e-01
-7.645975794678096932e-03 1.732050807568877859e+00 2.334414218338976887e+00
1.876235221286789209e-03 1.732050807568877859e+00 -2.856970013872805580e+00
3.701265366760216058e-02 1.732050807568877859e+00 -1.355626179974265710e+00
3.701265366760213976e-02 1.732050807568877859e+00 1.355626179974266377e+00
1.876235221286780752e-03 1.732050807568877859e+00 2.856970013872805580e+00
-3.058390317871230099e-02 -2.334414218338976443e+00 0.000000000000000000e+00
-7.645975794678081319e-03 -2.334414218338976443e+00 -1.732050807568877859e+00
-7.645975794678085656e-03 -2.334414218338976443e+00 1.732050807568877859e+00
2.104594050700910480e-03 -2.334414218338976443e+00 -2.334414218338976443e+00
2.083333333333332177e-02 -2.334414218338976443e+00 -7.419637843027259150e-01
2.083333333333330095e-02 -2.334414218338976443e+00 7.419637843027258040e-01
2.104594050700913516e-03 -2.334414218338976443e+00 2.334414218338976887e+00
-3.027494301546209687e-01 -7.419637843027259150e-01 0.000000000000000000e+00
-7.568735753865529770e-02 -7.419637843027259150e-01 -1.732050807568877859e+00
-7.568735753865533933e-02 -7.419637843027259150e-01 1.732050807568877859e+00
2.083333333333332177e-02 -7.419637843027259150e-01 -2.334414218338976443e+00
2.062287392826324950e-01 -7.419637843027259150e-01 -7.419637843027259150e-01
2.062287392826322729e-01 -7.419637843027259150e-01 7.419637843027258040e-01
2.083333333333335993e-02 -7.419637843027259150e-01 2.334414218338976887e+00
-3.027494301546206357e-01 7.419637843027258040e-01 0.000000000000000000e+00
-7.568735753865521443e-02 7.419637843027258040e-01 -1.732050807568877859e+00
-7.568735753865525606e-02 7.419637843027258040e-01 1.732050807568877859e+00
2.083333333333330095e-02 7.419637843027258040e-01 -2.334414218338976443e+00
2.062287392826322729e-01 7.419637843027258040e-01 -7.419637843027259150e-01
2.062287392826320231e-01 7.419637843027258040e-01 7.419637843027258040e-01
2.083333333333333218e-02 7.419637843027258040e-01 2.334414218338976887e+00
-3.058390317871234956e-02 2.334414218338976887e+00 0.000000000000000000e+00
-7.645975794678092595e-03 2.334414218338976887e+00 -1.732050807568877859e+00
-7.645975794678096932e-03 2.334414218338976887e+00 1.732050807568877859e+00
2.104594050700913516e-03 2.334414218338976887e+00 -2.334414218338976443e+00
2.083333333333335993e-02 2.334414218338976887e+00 -7.419637843027259150e-01
2.083333333333333218e-02 2.334414218338976887e+00 7.419637843027258040e-01
2.104594050700916551e-03 2.334414218338976887e+00 2.334414218338976887e+00
7.504940885147146426e-03 -2.856970013872805580e+00 0.000000000000000000e+00
-5.628705663860361121e-03 -2.856970013872805580e+00 -1.000000000000000000e+00
-5.628705663860361121e-03 -2.856970013872805580e+00 1.000000000000000000e+00
1.876235221286788124e-03 -2.856970013872805580e+00 -1.732050807568877859e+00
1.876235221286789209e-03 -2.856970013872805580e+00 1.732050807568877859e+00
1.480506146704084480e-01 -1.355626179974265710e+00 0.000000000000000000e+00
-1.110379610028063568e-01 -1.355626179974265710e+00 -1.000000000000000000e+00
-1.110379610028063568e-01 -1.355626179974265710e+00 1.000000000000000000e+00
3.701265366760213976e-02 -1.355626179974265710e+00 -1.732050807568877859e+00
3.701265366760216058e-02 -1.355626179974265710e+00 1.732050807568877859e+00
1.480506146704083648e-01 1.355626179974266377e+00 0.000000000000000000e+00
-1.110379610028063013e-01 1.355626179974266377e+00 -1.000000000000000000e+00
-1.110379610028063013e-01 1.355626179974266377e+00 1.000000000000000000e+00
3.701265366760211895e-02 1.355626179974266377e+00 -1.732050807568877859e+00
3.701265366760213976e-02 1.355626179974266377e+00 1.732050807568877859e+00
7.504940885147113466e-03 2.856970013872805580e+00 0.000000000000000000e+00
-5.628705663860335100e-03 2.856970013872805580e+00 -1.000000000000000000e+00
-5.628705663860335100e-03 2.856970013872805580e+00 1.000000000000000000e+00
1.876235221286779668e-03 2.856970013872805580e+00 -1.732050807568877859e+00
1.876235221286780752e-03 2.856970013872805580e+00 1.732050807568877859e+00
-2.555784402055988509e-03 -3.324257433552119778e+00 0.000000000000000000e+00
1.277892201027994038e-03 -3.324257433552119778e+00 -1.000000000000000000e+00
1.277892201027994038e-03 -3.324257433552119778e+00 1.000000000000000000e+00
-8.861574604191478632e-02 -1.889175877753709543e+00 0.000000000000000000e+00
4.430787302095738622e-02 -1.889175877753709543e+00 -1.000000000000000000e+00
4.430787302095738622e-02 -1.889175877753709543e+00 1.000000000000000000e+00
-4.088284695560294724e-01 -6.167065901925937732e-01 0.000000000000000000e+00
2.044142347780146807e-01 -6.167065901925937732e-01 -1.000000000000000000e+00
2.044142347780146807e-01 -6.167065901925937732e-01 1.000000000000000000e+00
-4.088284695559997184e-01 6.167065901925934401e-01 0.000000000000000000e+00
2.044142347779998037e-01 6.167065901925934401e-01 -1.000000000000000000e+00
2.044142347779998037e-01 6.167065901925934401e-01 1.000000000000000000e+00
-8.861574604194420723e-02 1.889175877753710209e+00 0.000000000000000000e+00
4.430787302097209668e-02 1.889175877753710209e+00 -1.000000000000000000e+00
4.430787302097209668e-02 1.889175877753710209e+00 1.000000000000000000e+00
-2.555784402056259560e-03 3.324257433552119778e+00 0.000000000000000000e+00
1.277892201028129346e-03 3.324257433552119778e+00 -1.000000000000000000e+00
1.277892201028129346e-03 3.324257433552119778e+00 1.000000000000000000e+00
5.482688559722203800e-04 -3.750439717725742916e+00 0.000000000000000000e+00
3.075712396759513328e-02 -2.366759410734541103e+00 0.000000000000000000e+00
2.401231786050126993e-01 -1.154405394739968171e+00 0.000000000000000000e+00
2.401231786050078698e-01 1.154405394739968171e+00 0.000000000000000000e+00
3.075712396758300757e-02 2.366759410734540658e+00 0.000000000000000000e+00
5.482688559722155011e-04 3.750439717725742916e+00 0.000000000000000000e+00
