6.734391534391539480e+00 0.000000000000000000e+00 0.000000000000000000e+00 0.000000000000000000e+00
-1.511111111111111738e+00 0.000000000000000000e+00 0.000000000000000000e+00 -1.000000000000000000e+00
-1.511111111111111738e+00 0.000000000000000000e+00 0.000000000000000000e+00 1.000000000000000000e+00
4.740740740740743142e-01 0.000000000000000000e+00 0.000000000000000000e+00 -1.732050807568877859e+00
4.740740740740745918e-01 0.000000000000000000e+00 0.000000000000000000e+00 1.732050807568877859e+00
-1.223356127148492040e-01 0.000000000000000000e+00 0.000000000000000000e+00 -2.334414218338976443e+00
-1.210997720618483875e+00 0.000000000000000000e+00 0.000000000000000000e+00 -7.419637843027259150e-01
-1.210997720618482321e+00 0.000000000000000000e+00 0.000000000000000000e+00 7.419637843027258040e-01
-1.223356127148493983e-01 0.000000000000000000e+00 0.000000000000000000e+00 2.334414218338976887e+00
2.626729309801501336e-02 0.000000000000000000e+00 0.000000000000000000e+00 -2.856970013872805580e+00
5.181771513464296097e-01 0.000000000000000000e+00 0.000000000000000000e+00 -1.355626179974265710e+00
5.181771513464293877e-01 0.000000000000000000e+00 0.000000000000000000e+00 1.355626179974266377e+00
2.626729309801490234e-02 0.000000000000000000e+00 0.000000000000000000e+00 2.856970013872805580e+00
-5.111568804111976151e-03 0.000000000000000000e+00 0.000000000000000000e+00 -3.324257433552119778e+00
-1.772314920838295726e-01 0.000000000000000000e+00 0.000000000000000000e+00 -1.889175877753709543e+00
-8.176569391120589447e-01 0.000000000000000000e+00 0.000000000000000000e+00 -6.167065901925937732e-01
-8.176569391119994368e-01 0.000000000000000000e+00 0.000000000000000000e+00 6.167065901925934401e-01
-1.772314920838884145e-01 0.000000000000000000e+00 0.000000000000000000e+00 1.889175877753710209e+00
-5.111568804112519120e-03 0.000000000000000000e+00 0.000000000000000000e+00 3.324257433552119778e+00
5.482688559722203800e-04 0.000000000000000000e+00 0.000000000000000000e+00 -3.750439717725742916e+00
3.075712396759513328e-02 0.000000000000000000e+00 0.000000000000000000e+00 -2.366759410734541103e+00
2.401231786050126715e-01 0.000000000000000000e+00 0.000000000000000000e+00 -1.154405394739968171e+00
2.401231786050078976e-01 0.000000000000000000e+00 0.000000000000000000e+00 1.154405394739968171e+00
3.075712396758300410e-02 0.000000000000000000e+00 0.000000000000000000e+00 2.366759410734540658e+00
5.482688559722155011e-04 0.000000000000000000e+00 0.000000000000000000e+00 3.750439717725742916e+00
-1.511111111111111738e+00 0.000000000000000000e+00 -1.000000000000000000e+00 0.000000000000000000e+00
2.999999999999999334e-01 0.000000000000000000e+00 -1.000000000000000000e+00 -1.000000000000000000e+00
2.999999999999999334e-01 0.000000000000000000e+00 -1.000000000000000000e+00 1.000000000000000000e+00
-1.111111111111111188e-01 0.000000000000000000e+00 -1.000000000000000000e+00 -1.732050807568877859e+00
-1.111111111111111605e-01 0.000000000000000000e+00 -1.000000000000000000e+00 1.732050807568877859e+00
3.822987897339037017e-02 0.000000000000000000e+00 -1.000000000000000000e+00 -2.334414218338976443e+00
3.784367876932762109e-01 0.000000000000000000e+00 -1.000000000000000000e+00 -7.419637843027259150e-01
3.784367876932758223e-01 0.000000000000000000e+00 -1.000000000000000000e+00 7.419637843027258040e-01
3.822987897339043262e-02 0.000000000000000000e+00 -1.000000000000000000e+00 2.334414218338976887e+00
-1.125741132772072051e-02 0.000000000000000000e+00 -1.000000000000000000e+00 -2.856970013872805580e+00
-2.220759220056127137e-01 0.000000000000000000e+00 -1.000000000000000000e+00 -1.355626179974265710e+00
-2.220759220056125749e-01 0.000000000000000000e+00 -1.000000000000000000e+00 1.355626179974266377e+00
-1.125741132772067020e-02 0.000000000000000000e+00 -1.000000000000000000e+00 2.856970013872805580e+00
1.277892201027994038e-03 0.000000000000000000e+00 -1.000000000000000000e+00 -3.324257433552119778e+00
4.430787302095738622e-02 0.000000000000000000e+00 -1.000000000000000000e+00 -1.889175877753709543e+00
2.044142347780146807e-01 0.000000000000000000e+00 -1.000000000000000000e+00 -6.167065901925937732e-01
2.044142347779997759e-01 0.000000000000000000e+00 -1.000000000000000000e+00 6.167065901925934401e-01
4.430787302097209668e-02 0.000000000000000000e+00 -1.000000000000000000e+00 1.889175877753710209e+00
1.277892201028129129e-03 0.000000000000000000e+00 -1.000000000000000000e+00 3.324257433552119778e+00
-1.511111111111111738e+00 0.000000000000000000e+00 1.000000000000000000e+00 0.000000000000000000e+00
2.999999999999999334e-01 0.000000000000000000e+00 1.000000000000000000e+00 -1.000000000000000000e+00
2.999999999999999334e-01 0.000000000000000000e+00 1.000000000000000000e+00 1.000000000000000000e+00
-1.111111111111111188e-01 0.000000000000000000e+00 1.000000000000000000e+00 -1.732050807568877859e+00
-1.111111111111111605e-01 0.000000000000000000e+00 1.000000000000000000e+00 1.732050807568877859e+00
3.822987897339037017e-02 0.000000000000000000e+00 1.000000000000000000e+00 -2.334414218338976443e+00
3.784367876932762109e-01 0.000000000000000000e+00 1.000000000000000000e+00 -7.419637843027259150e-01
3.784367876932758223e-01 0.000000000000000000e+00 1.000000000000000000e+00 7.419637843027258040e-01
3.822987897339043262e-02 0.000000000000000000e+00 1.000000000000000000e+00 2.334414218338976887e+00
-1.125741132772072051e-02 0.000000000000000000e+00 1.000000000000000000e+00 -2.856970013872805580e+00
-2.220759220056127137e-01 0.000000000000000000e+00 1.000000000000000000e+00 -1.355626179974265710e+00
-2.220759220056125749e-01 0.000000000000000000e+00 1.000000000000000000e+00 1.355626179974266377e+00
-1.125741132772067020e-02 0.000000000000000000e+00 1.000000000000000000e+00 2.856970013872805580e+00
1.277892201027994038e-03 0.000000000000000000e+00 1.000000000000000000e+00 -3.324257433552119778e+00
4.430787302095738622e-02 0.000000000000000000e+00 1.000000000000000000e+00 -1.889175877753709543e+00
2.044142347780146807e-01 0.000000000000000000e+00 1.000000000000000000e+00 -6.167065901925937732e-01
2.044142347779997759e-01 0.000000000000000000e+00 1.000000000000000000e+00 6.167065901925934401e-01
4.430787302097209668e-02 0.000000000000000000e+00 1.000000000000000000e+00 1.889175877753710209e+00
1.277892201028129129e-03 0.000000000000000000e+00 1.000000000000000000e+00 3.324257433552119778e+00
4.740740740740743142e-01 0.000000000000000000e+00 -1.732050807568877859e+00 0.000000000000000000e+00
-1.111111111111111188e-01 0.000000000000000000e+00 -1.732050807568877859e+00 -1.000000000000000000e+00
-1.111111111111111188e-01 0.000000000000000000e+00 -1.732050807568877859e+00 1.000000000000000000e+00
4.629629629629632842e-02 0.000000000000000000e+00 -1.732050807568877859e+00 -1.732050807568877859e+00
4.629629629629635618e-02 0.000000000000000000e+00 -1.732050807568877859e+00 1.732050807568877859e+00
-1.529195158935616264e-02 0.000000000000000000e+00 -1.732050807568877859e+00 -2.334414218338976443e+00
-1.513747150773105676e-01 0.000000000000000000e+00 -1.732050807568877859e+00 -7.419637843027259150e-01
-1.513747150773104289e-01 0.000000000000000000e+00 -1.732050807568877859e+00 7.419637843027258040e-01
-1.529195158935618519e-02 0.000000000000000000e+00 -1.732050807568877859e+00 2.334414218338976887e+00
1.876235221286787908e-03 0.000000000000000000e+00 -1.732050807568877859e+00 -2.856970013872805580e+00
3.701265366760213282e-02 0.000000000000000000e+00 -1.732050807568877859e+00 -1.355626179974265710e+00
3.701265366760211895e-02 0.000000000000000000e+00 -1.732050807568877859e+00 1.355626179974266377e+00
1.876235221286779668e-03 0.000000000000000000e+00 -1.732050807568877859e+00 2.856970013872805580e+00
4.740740740740745918e-01 0.000000000000000000e+00 1.732050807568877859e+00 0.000000000000000000e+00
-1.111111111111111605e-01 0.000000000000000000e+00 1.732050807568877859e+00 -1.000000000000000000e+00
-1.111111111111111605e-01 0.000000000000000000e+00 1.732050807568877859e+00 1.000000000000000000e+00
4.629629629629635618e-02 0.000000000000000000e+00 1.732050807568877859e+00 -1.732050807568877859e+00
4.629629629629638393e-02 0.000000000000000000e+00 1.732050807568877859e+00 1.732050807568877859e+00
-1.529195158935617305e-02 0.000000000000000000e+00 1.732050807568877859e+00 -2.334414218338976443e+00
-1.513747150773106787e-01 0.000000000000000000e+00 1.732050807568877859e+00 -7.419637843027259150e-01
-1.513747150773105121e-01 0.000000000000000000e+00 1.732050807568877859e+00 7.419637843027258040e-01
-1.529195158935619213e-02 0.000000000000000000e+00 1.732050807568877859e+00 2.334414218338976887e+00
1.876235221286788992e-03 0.000000000000000000e+00 1.732050807568877859e+00 -2.856970013872805580e+00
3.701265366760216058e-02 0.000000000000000000e+00 1.732050807568877859e+00 -1.355626179974265710e+00
3.701265366760213976e-02 0.000000000000000000e+00 1.732050807568877859e+00 1.355626179974266377e+00
1.876235221286780752e-03 0.000000000000000000e+00 1.732050807568877859e+00 2.856970013872805580e+00
-1.223356127148492040e-01 0.000000000000000000e+00 -2.334414218338976443e+00 0.000000000000000000e+00
3.822987897339037017e-02 0.000000000000000000e+00 -2.334414218338976443e+00 -1.000000000000000000e+00
3.822987897339037017e-02 0.000000000000000000e+00 -2.334414218338976443e+00 1.000000000000000000e+00
-1.529195158935616264e-02 0.000000000000000000e+00 -2.334414218338976443e+00 -1.732050807568877859e+00
-1.529195158935617305e-02 0.000000000000000000e+00 -2.334414218338976443e+00 1.732050807568877859e+00
2.104594050700910046e-03 0.000000000000000000e+00 -2.334414218338976443e+00 -2.334414218338976443e+00
2.083333333333332177e-02 0.000000000000000000e+00 -2.334414218338976443e+00 -7.419637843027259150e-01
2.083333333333330095e-02 0.000000000000000000e+00 -2.334414218338976443e+00 7.419637843027258040e-01
2.104594050700913516e-03 0.000000000000000000e+00 -2.334414218338976443e+00 2.334414218338976887e+00
-1.210997720618483875e+00 0.000000000000000000e+00 -7.419637843027259150e-01 0.000000000000000000e+00
3.784367876932762109e-01 0.000000000000000000e+00 -7.419637843027259150e-01 -1.000000000000000000e+00
3.784367876932762109e-01 0.000000000000000000e+00 -7.419637843027259150e-01 1.000000000000000000e+00
-1.513747150773105676e-01 0.000000000000000000e+00 -7.419637843027259150e-01 -1.732050807568877859e+00
-1.513747150773106787e-01 0.000000000000000000e+00 -7.419637843027259150e-01 1.732050807568877859e+00
2.083333333333332177e-02 0.000000000000000000e+00 -7.419637843027259150e-01 -2.334414218338976443e+00
2.062287392826324672e-01 0.000000000000000000e+00 -7.419637843027259150e-01 -7.419637843027259150e-01
2.062287392826322729e-01 0.000000000000000000e+00 -7.419637843027259150e-01 7.419637843027258040e-01
2.083333333333335646e-02 0.000000000000000000e+00 -7.419637843027259150e-01 2.334414218338976887e+00
-1.210997720618482321e+00 0.000000000000000000e+00 7.419637843027258040e-01 0.000000000000000000e+00
3.784367876932758223e-01 0.000000000000000000e+00 7.419637843027258040e-01 -1.000000000000000000e+00
3.784367876932758223e-01 0.000000000000000000e+00 7.419637843027258040e-01 1.000000000000000000e+00
-1.513747150773104289e-01 0.000000000000000000e+00 7.419637843027258040e-01 -1.732050807568877859e+00
-1.513747150773105121e-01 0.000000000000000000e+00 7.419637843027258040e-01 1.732050807568877859e+00
2.083333333333330095e-02 0.000000000000000000e+00 7.419637843027258040e-01 -2.334414218338976443e+00
2.062287392826322729e-01 0.000000000000000000e+00 7.419637843027258040e-01 -7.419637843027259150e-01
2.062287392826320509e-01 0.000000000000000000e+00 7.419637843027258040e-01 7.419637843027258040e-01
2.083333333333333218e-02 0.000000000000000000e+00 7.419637843027258040e-01 2.334414218338976887e+00
-1.223356127148493983e-01 0.000000000000000000e+00 2.334414218338976887e+00 0.000000000000000000e+00
3.822987897339043262e-02 0.000000000000000000e+00 2.334414218338976887e+00 -1.000000000000000000e+00
3.822987897339043262e-02 0.000000000000000000e+00 2.334414218338976887e+00 1.000000000000000000e+00
-1.529195158935618519e-02 0.000000000000000000e+00 2.334414218338976887e+00 -1.732050807568877859e+00
-1.529195158935619213e-02 0.000000000000000000e+00 2.334414218338976887e+00 1.732050807568877859e+00
2.104594050700913516e-03 0.000000000000000000e+00 2.334414218338976887e+00 -2.334414218338976443e+00
2.083333333333335646e-02 0.000000000000000000e+00 2.334414218338976887e+00 -7.419637843027259150e-01
2.083333333333333218e-02 0.000000000000000000e+00 2.334414218338976887e+00 7.419637843027258040e-01
2.104594050700916551e-03 0.000000000000000000e+00 2.334414218338976887e+00 2.334414218338976887e+00
2.626729309801501336e-02 0.000000000000000000e+00 -2.856970013872805580e+00 0.000000000000000000e+00
-1.125741132772072051e-02 0.000000000000000000e+00 -2.856970013872805580e+00 -1.000000000000000000e+00
-1.125741132772072051e-02 0.000000000000000000e+00 -2.856970013872805580e+00 1.000000000000000000e+00
1.876235221286787908e-03 0.000000000000000000e+00 -2.856970013872805580e+00 -1.732050807568877859e+00
1.876235221286788992e-03 0.000000000000000000e+00 -2.856970013872805580e+00 1.732050807568877859e+00
5.181771513464296097e-01 0.000000000000000000e+00 -1.355626179974265710e+00 0.000000000000000000e+00
-2.220759220056127137e-01 0.000000000000000000e+00 -1.355626179974265710e+00 -1.000000000000000000e+00
-2.220759220056127137e-01 0.000000000000000000e+00 -1.355626179974265710e+00 1.000000000000000000e+00
3.701265366760213282e-02 0.000000000000000000e+00 -1.355626179974265710e+00 -1.732050807568877859e+00
3.701265366760216058e-02 0.000000000000000000e+00 -1.355626179974265710e+00 1.732050807568877859e+00
5.181771513464293877e-01 0.000000000000000000e+00 1.355626179974266377e+00 0.000000000000000000e+00
-2.220759220056125749e-01 0.000000000000000000e+00 1.355626179974266377e+00 -1.000000000000000000e+00
-2.220759220056125749e-01 0.000000000000000000e+00 1.355626179974266377e+00 1.000000000000000000e+00
3.701265366760211895e-02 0.000000000000000000e+00 1.355626179974266377e+00 -1.732050807568877859e+00
3.701265366760213976e-02 0.000000000000000000e+00 1.355626179974266377e+00 1.732050807568877859e+00
2.626729309801490234e-02 0.000000000000000000e+00 2.856970013872805580e+00 0.000000000000000000e+00
-1.125741132772067020e-02 0.000000000000000000e+00 2.856970013872805580e+00 -1.000000000000000000e+00
-1.125741132772067020e-02 0.000000000000000000e+00 2.856970013872805580e+00 1.000000000000000000e+00
1.876235221286779668e-03 0.000000000000000000e+00 2.856970013872805580e+00 -1.732050807568877859e+00
1.876235221286780752e-03 0.000000000000000000e+00 2.856970013872805580e+00 1.732050807568877859e+00
-5.111568804111976151e-03 0.000000000000000000e+00 -3.324257433552119778e+00 0.000000000000000000e+00
1.277892201027994038e-03 0.000000000000000000e+00 -3.324257433552119778e+00 -1.000000000000000000e+00
1.277892201027994038e-03 0.000000000000000000e+00 -3.324257433552119778e+00 1.000000000000000000e+00
-1.772314920838295726e-01 0.000000000000000000e+00 -1.889175877753709543e+00 0.000000000000000000e+00
4.430787302095738622e-02 0.000000000000000000e+00 -1.889175877753709543e+00 -1.000000000000000000e+00
4.430787302095738622e-02 0.000000000000000000e+00 -1.889175877753709543e+00 1.000000000000000000e+00
-8.176569391120589447e-01 0.000000000000000000e+00 -6.167065901925937732e-01 0.000000000000000000e+00
2.044142347780146807e-01 0.000000000000000000e+00 -6.167065901925937732e-01 -1.000000000000000000e+00
2.044142347780146807e-01 0.000000000000000000e+00 -6.167065901925937732e-01 1.000000000000000000e+00
-8.176569391119994368e-01 0.000000000000000000e+00 6.167065901925934401e-01 0.000000000000000000e+00
2.044142347779997759e-01 0.000000000000000000e+00 6.167065901925934401e-01 -1.000000000000000000e+00
2.044142347779997759e-01 0.000000000000000000e+00 6.167065901925934401e-01 1.000000000000000000e+00
-1.772314920838884145e-01 0.000000000000000000e+00 1.889175877753710209e+00 0.000000000000000000e+00
4.430787302097209668e-02 0.000000000000000000e+00 1.889175877753710209e+00 -1.000000000000000000e+00
4.430787302097209668e-02 0.000000000000000000e+00 1.889175877753710209e+00 1.000000000000000000e+00
-5.111568804112519120e-03 0.000000000000000000e+00 3.324257433552119778e+00 0.000000000000000000e+00
1.277892201028129129e-03 0.000000000000000000e+00 3.324257433552119778e+00 -1.000000000000000000e+00
1.277892201028129129e-03 0.000000000000000000e+00 3.324257433552119778e+00 1.000000000000000000e+00
5.482688559722203800e-04 0.000000000000000000e+00 -3.750439717725742916e+00 0.000000000000000000e+00
3.075712396759513328e-02 0.000000000000000000e+00 -2.366759410734541103e+00 0.000000000000000000e+00
2.401231786050126715e-01 0.000000000000000000e+00 -1.154405394739968171e+00 0.000000000000000000e+00
2.401231786050078976e-01 0.000000000000000000e+00 1.154405394739968171e+00 0.000000000000000000e+00
3.075712396758300410e-02 0.000000000000000000e+00 2.366759410734540658e+00 0.000000000000000000e+00
5.482688559722155011e-04 0.000000000000000000e+00 3.750439717725742916e+00 0.000000000000000000e+00
-1.511111111111111738e+00 -1.000000000000000000e+00 0.000000000000000000e+00 0.000000000000000000e+00
2.999999999999999889e-01 -1.000000000000000000e+00 0.000000000000000000e+00 -1.000000000000000000e+00
2.999999999999999889e-01 -1.000000000000000000e+00 0.000000000000000000e+00 1.000000000000000000e+00
-1.111111111111110911e-01 -1.000000000000000000e+00 0.000000000000000000e+00 -1.732050807568877859e+00
-1.111111111111111605e-01 -1.000000000000000000e+00 0.000000000000000000e+00 1.732050807568877859e+00
3.822987897339037017e-02 -1.000000000000000000e+00 0.000000000000000000e+00 -2.334414218338976443e+00
3.784367876932762109e-01 -1.000000000000000000e+00 0.000000000000000000e+00 -7.419637843027259150e-01
3.784367876932757113e-01 -1.000000000000000000e+00 0.000000000000000000e+00 7.419637843027258040e-01
3.822987897339043262e-02 -1.000000000000000000e+00 0.000000000000000000e+00 2.334414218338976887e+00
-1.125741132772072051e-02 -1.000000000000000000e+00 0.000000000000000000e+00 -2.856970013872805580e+00
-2.220759220056126582e-01 -1.000000000000000000e+00 0.000000000000000000e+00 -1.355626179974265710e+00
-2.220759220056125749e-01 -1.000000000000000000e+00 0.000000000000000000e+00 1.355626179974266377e+00
-1.125741132772067020e-02 -1.000000000000000000e+00 0.000000000000000000e+00 2.856970013872805580e+00
1.277892201027993821e-03 -1.000000000000000000e+00 0.000000000000000000e+00 -3.324257433552119778e+00
4.430787302095737928e-02 -1.000000000000000000e+00 0.000000000000000000e+00 -1.889175877753709543e+00
2.044142347780146807e-01 -1.000000000000000000e+00 0.000000000000000000e+00 -6.167065901925937732e-01
2.044142347779998037e-01 -1.000000000000000000e+00 0.000000000000000000e+00 6.167065901925934401e-01
4.430787302097208974e-02 -1.000000000000000000e+00 0.000000000000000000e+00 1.889175877753710209e+00
1.277892201028129563e-03 -1.000000000000000000e+00 0.000000000000000000e+00 3.324257433552119778e+00
2.999999999999999889e-01 -1.000000000000000000e+00 -1.000000000000000000e+00 0.000000000000000000e+00
4.166666666666667129e-02 -1.000000000000000000e+00 -1.000000000000000000e+00 -1.732050807568877859e+00
4.166666666666668517e-02 -1.000000000000000000e+00 -1.000000000000000000e+00 1.732050807568877859e+00
-2.293792738403422141e-02 -1.000000000000000000e+00 -1.000000000000000000e+00 -2.334414218338976443e+00
-2.270620726159656710e-01 -1.000000000000000000e+00 -1.000000000000000000e+00 -7.419637843027259150e-01
-2.270620726159654490e-01 -1.000000000000000000e+00 -1.000000000000000000e+00 7.419637843027258040e-01
-2.293792738403425610e-02 -1.000000000000000000e+00 -1.000000000000000000e+00 2.334414218338976887e+00
2.814352831930179693e-03 -1.000000000000000000e+00 -1.000000000000000000e+00 -2.856970013872805580e+00
5.551898050140315760e-02 -1.000000000000000000e+00 -1.000000000000000000e+00 -1.355626179974265710e+00
5.551898050140313678e-02 -1.000000000000000000e+00 -1.000000000000000000e+00 1.355626179974266377e+00
2.814352831930167116e-03 -1.000000000000000000e+00 -1.000000000000000000e+00 2.856970013872805580e+00
2.999999999999999889e-01 -1.000000000000000000e+00 1.000000000000000000e+00 0.000000000000000000e+00
4.166666666666667129e-02 -1.000000000000000000e+00 1.000000000000000000e+00 -1.732050807568877859e+00
4.166666666666668517e-02 -1.000000000000000000e+00 1.000000000000000000e+00 1.732050807568877859e+00
-2.293792738403422141e-02 -1.000000000000000000e+00 1.000000000000000000e+00 -2.334414218338976443e+00
-2.270620726159656710e-01 -1.000000000000000000e+00 1.000000000000000000e+00 -7.419637843027259150e-01
-2.270620726159654490e-01 -1.000000000000000000e+00 1.000000000000000000e+00 7.419637843027258040e-01
-2.293792738403425610e-02 -1.000000000000000000e+00 1.000000000000000000e+00 2.334414218338976887e+00
2.814352831930179693e-03 -1.000000000000000000e+00 1.000000000000000000e+00 -2.856970013872805580e+00
5.551898050140315760e-02 -1.000000000000000000e+00 1.000000000000000000e+00 -1.355626179974265710e+00
5.551898050140313678e-02 -1.000000000000000000e+00 1.000000000000000000e+00 1.355626179974266377e+00
2.814352831930167116e-03 -1.000000000000000000e+00 1.000000000000000000e+00 2.856970013872805580e+00
-1.111111111111110911e-01 -1.000000000000000000e+00 -1.732050807568877859e+00 0.000000000000000000e+00
4.166666666666667129e-02 -1.000000000000000000e+00 -1.732050807568877859e+00 -1.000000000000000000e+00
4.166666666666667129e-02 -1.000000000000000000e+00 -1.732050807568877859e+00 1.000000000000000000e+00
-2.777777777777779358e-02 -1.000000000000000000e+00 -1.732050807568877859e+00 -1.732050807568877859e+00
-2.777777777777780746e-02 -1.000000000000000000e+00 -1.732050807568877859e+00 1.732050807568877859e+00
3.822987897339039359e-03 -1.000000000000000000e+00 -1.732050807568877859e+00 -2.334414218338976443e+00
3.784367876932763497e-02 -1.000000000000000000e+00 -1.732050807568877859e+00 -7.419637843027259150e-01
3.784367876932759334e-02 -1.000000000000000000e+00 -1.732050807568877859e+00 7.419637843027258040e-01
3.822987897339044996e-03 -1.000000000000000000e+00 -1.732050807568877859e+00 2.334414218338976887e+00
-1.111111111111111605e-01 -1.000000000000000000e+00 1.732050807568877859e+00 0.000000000000000000e+00
4.166666666666668517e-02 -1.000000000000000000e+00 1.732050807568877859e+00 -1.000000000000000000e+00
4.166666666666668517e-02 -1.000000000000000000e+00 1.732050807568877859e+00 1.000000000000000000e+00
-2.777777777777780746e-02 -1.000000000000000000e+00 1.732050807568877859e+00 -1.732050807568877859e+00
-2.777777777777782828e-02 -1.000000000000000000e+00 1.732050807568877859e+00 1.732050807568877859e+00
3.822987897339041961e-03 -1.000000000000000000e+00 1.732050807568877859e+00 -2.334414218338976443e+00
3.784367876932766273e-02 -1.000000000000000000e+00 1.732050807568877859e+00 -7.419637843027259150e-01
3.784367876932762109e-02 -1.000000000000000000e+00 1.732050807568877859e+00 7.419637843027258040e-01
3.822987897339047599e-03 -1.000000000000000000e+00 1.732050807568877859e+00 2.334414218338976887e+00
3.822987897339037017e-02 -1.000000000000000000e+00 -2.334414218338976443e+00 0.000000000000000000e+00
-2.293792738403422141e-02 -1.000000000000000000e+00 -2.334414218338976443e+00 -1.000000000000000000e+00
-2.293792738403422141e-02 -1.000000000000000000e+00 -2.334414218338976443e+00 1.000000000000000000e+00
3.822987897339039359e-03 -1.000000000000000000e+00 -2.334414218338976443e+00 -1.732050807568877859e+00
3.822987897339041961e-03 -1.000000000000000000e+00 -2.334414218338976443e+00 1.732050807568877859e+00
3.784367876932762109e-01 -1.000000000000000000e+00 -7.419637843027259150e-01 0.000000000000000000e+00
-2.270620726159656710e-01 -1.000000000000000000e+00 -7.419637843027259150e-01 -1.000000000000000000e+00
-2.270620726159656710e-01 -1.000000000000000000e+00 -7.419637843027259150e-01 1.000000000000000000e+00
3.784367876932763497e-02 -1.000000000000000000e+00 -7.419637843027259150e-01 -1.732050807568877859e+00
3.784367876932766273e-02 -1.000000000000000000e+00 -7.419637843027259150e-01 1.732050807568877859e+00
3.784367876932757113e-01 -1.000000000000000000e+00 7.419637843027258040e-01 0.000000000000000000e+00
-2.270620726159654490e-01 -1.000000000000000000e+00 7.419637843027258040e-01 -1.000000000000000000e+00
-2.270620726159654490e-01 -1.000000000000000000e+00 7.419637843027258040e-01 1.000000000000000000e+00
3.784367876932759334e-02 -1.000000000000000000e+00 7.419637843027258040e-01 -1.732050807568877859e+00
3.784367876932762109e-02 -1.000000000000000000e+00 7.419637843027258040e-01 1.732050807568877859e+00
3.822987897339043262e-02 -1.000000000000000000e+00 2.334414218338976887e+00 0.000000000000000000e+00
-2.293792738403425610e-02 -1.000000000000000000e+00 2.334414218338976887e+00 -1.000000000000000000e+00
-2.293792738403425610e-02 -1.000000000000000000e+00 2.334414218338976887e+00 1.000000000000000000e+00
3.822987897339044996e-03 -1.000000000000000000e+00 2.334414218338976887e+00 -1.732050807568877859e+00
3.822987897339047599e-03 -1.000000000000000000e+00 2.334414218338976887e+00 1.732050807568877859e+00
-1.125741132772072051e-02 -1.000000000000000000e+00 -2.856970013872805580e+00 0.000000000000000000e+00
2.814352831930179693e-03 -1.000000000000000000e+00 -2.856970013872805580e+00 -1.000000000000000000e+00
2.814352831930179693e-03 -1.000000000000000000e+00 -2.856970013872805580e+00 1.000000000000000000e+00
-2.220759220056126582e-01 -1.000000000000000000e+00 -1.355626179974265710e+00 0.000000000000000000e+00
5.551898050140315760e-02 -1.000000000000000000e+00 -1.355626179974265710e+00 -1.000000000000000000e+00
5.551898050140315760e-02 -1.000000000000000000e+00 -1.355626179974265710e+00 1.000000000000000000e+00
-2.220759220056125749e-01 -1.000000000000000000e+00 1.355626179974266377e+00 0.000000000000000000e+00
5.551898050140313678e-02 -1.000000000000000000e+00 1.355626179974266377e+00 -1.000000000000000000e+00
5.551898050140313678e-02 -1.000000000000000000e+00 1.355626179974266377e+00 1.000000000000000000e+00
-1.125741132772067020e-02 -1.000000000000000000e+00 2.856970013872805580e+00 0.000000000000000000e+00
2.814352831930167116e-03 -1.000000000000000000e+00 2.856970013872805580e+00 -1.000000000000000000e+00
2.814352831930167116e-03 -1.000000000000000000e+00 2.856970013872805580e+00 1.000000000000000000e+00
1.277892201027993821e-03 -1.000000000000000000e+00 -3.324257433552119778e+00 0.000000000000000000e+00
4.430787302095737928e-02 -1.000000000000000000e+00 -1.889175877753709543e+00 0.000000000000000000e+00
2.044142347780146807e-01 -1.000000000000000000e+00 -6.167065901925937732e-01 0.000000000000000000e+00
2.044142347779998037e-01 -1.000000000000000000e+00 6.167065901925934401e-01 0.000000000000000000e+00
4.430787302097208974e-02 -1.000000000000000000e+00 1.889175877753710209e+00 0.000000000000000000e+00
1.277892201028129563e-03 -1.000000000000000000e+00 3.324257433552119778e+00 0.000000000000000000e+00
-1.511111111111111738e+00 1.000000000000000000e+00 0.000000000000000000e+00 0.000000000000000000e+00
2.999999999999999889e-01 1.000000000000000000e+00 0.000000000000000000e+00 -1.000000000000000000e+00
2.999999999999999889e-01 1.000000000000000000e+00 0.000000000000000000e+00 1.000000000000000000e+00
-1.111111111111110911e-01 1.000000000000000000e+00 0.000000000000000000e+00 -1.732050807568877859e+00
-1.111111111111111605e-01 1.000000000000000000e+00 0.000000000000000000e+00 1.732050807568877859e+00
3.822987897339037017e-02 1.000000000000000000e+00 0.000000000000000000e+00 -2.334414218338976443e+00
3.784367876932762109e-01 1.000000000000000000e+00 0.000000000000000000e+00 -7.419637843027259150e-01
3.784367876932757113e-01 1.000000000000000000e+00 0.000000000000000000e+00 7.419637843027258040e-01
3.822987897339043262e-02 1.000000000000000000e+00 0.000000000000000000e+00 2.334414218338976887e+00
-1.125741132772072051e-02 1.000000000000000000e+00 0.000000000000000000e+00 -2.856970013872805580e+00
-2.220759220056126582e-01 1.000000000000000000e+00 0.000000000000000000e+00 -1.355626179974265710e+00
-2.220759220056125749e-01 1.000000000000000000e+00 0.000000000000000000e+00 1.355626179974266377e+00
-1.125741132772067020e-02 1.000000000000000000e+00 0.000000000000000000e+00 2.856970013872805580e+00
1.277892201027993821e-03 1.000000000000000000e+00 0.000000000000000000e+00 -3.324257433552119778e+00
4.430787302095737928e-02 1.000000000000000000e+00 0.000000000000000000e+00 -1.889175877753709543e+00
2.044142347780146807e-01 1.000000000000000000e+00 0.000000000000000000e+00 -6.167065901925937732e-01
2.044142347779998037e-01 1.000000000000000000e+00 0.000000000000000000e+00 6.167065901925934401e-01
4.430787302097208974e-02 1.000000000000000000e+00 0.000000000000000000e+00 1.889175877753710209e+00
1.277892201028129563e-03 1.000000000000000000e+00 0.000000000000000000e+00 3.324257433552119778e+00
2.999999999999999889e-01 1.000000000000000000e+00 -1.000000000000000000e+00 0.000000000000000000e+00
4.166666666666667129e-02 1.000000000000000000e+00 -1.000000000000000000e+00 -1.732050807568877859e+00
4.166666666666668517e-02 1.000000000000000000e+00 -1.000000000000000000e+00 1.732050807568877859e+00
-2.293792738403422141e-02 1.000000000000000000e+00 -1.000000000000000000e+00 -2.334414218338976443e+00
-2.270620726159656710e-01 1.000000000000000000e+00 -1.000000000000000000e+00 -7.419637843027259150e-01
-2.270620726159654490e-01 1.000000000000000000e+00 -1.000000000000000000e+00 7.419637843027258040e-01
-2.293792738403425610e-02 1.000000000000000000e+00 -1.000000000000000000e+00 2.334414218338976887e+00
2.814352831930179693e-03 1.000000000000000000e+00 -1.000000000000000000e+00 -2.856970013872805580e+00
5.551898050140315760e-02 1.000000000000000000e+00 -1.000000000000000000e+00 -1.355626179974265710e+00
5.551898050140313678e-02 1.000000000000000000e+00 -1.000000000000000000e+00 1.355626179974266377e+00
2.814352831930167116e-03 1.000000000000000000e+00 -1.000000000000000000e+00 2.856970013872805580e+00
2.999999999999999889e-01 1.000000000000000000e+00 1.000000000000000000e+00 0.000000000000000000e+00
4.166666666666667129e-02 1.000000000000000000e+00 1.000000000000000000e+00 -1.732050807568877859e+00
4.166666666666668517e-02 1.000000000000000000e+00 1.000000000000000000e+00 1.732050807568877859e+00
-2.293792738403422141e-02 1.000000000000000000e+00 1.000000000000000000e+00 -2.334414218338976443e+00
-2.270620726159656710e-01 1.000000000000000000e+00 1.000000000000000000e+00 -7.419637843027259150e-01
-2.270620726159654490e-01 1.000000000000000000e+00 1.000000000000000000e+00 7.419637843027258040e-01
-2.293792738403425610e-02 1.000000000000000000e+00 1.000000000000000000e+00 2.334414218338976887e+00
2.814352831930179693e-03 1.000000000000000000e+00 1.000000000000000000e+00 -2.856970013872805580e+00
5.551898050140315760e-02 1.000000000000000000e+00 1.000000000000000000e+00 -1.355626179974265710e+00
5.551898050140313678e-02 1.000000000000000000e+00 1.000000000000000000e+00 1.355626179974266377e+00
2.814352831930167116e-03 1.000000000000000000e+00 1.000000000000000000e+00 2.856970013872805580e+00
-1.111111111111110911e-01 1.000000000000000000e+00 -1.732050807568877859e+00 0.000000000000000000e+00
4.166666666666667129e-02 1.000000000000000000e+00 -1.732050807568877859e+00 -1.000000000000000000e+00
4.166666666666667129e-02 1.000000000000000000e+00 -1.732050807568877859e+00 1.000000000000000000e+00
-2.777777777777779358e-02 1.000000000000000000e+00 -1.732050807568877859e+00 -1.732050807568877859e+00
-2.777777777777780746e-02 1.000000000000000000e+00 -1.732050807568877859e+00 1.732050807568877859e+00
3.822987897339039359e-03 1.000000000000000000e+00 -1.732050807568877859e+00 -2.334414218338976443e+00
3.784367876932763497e-02 1.000000000000000000e+00 -1.732050807568877859e+00 -7.419637843027259150e-01
3.784367876932759334e-02 1.000000000000000000e+00 -1.732050807568877859e+00 7.419637843027258040e-01
3.822987897339044996e-03 1.000000000000000000e+00 -1.732050807568877859e+00 2.334414218338976887e+00
-1.111111111111111605e-01 1.000000000000000000e+00 1.732050807568877859e+00 0.000000000000000000e+00
4.166666666666668517e-02 1.000000000000000000e+00 1.732050807568877859e+00 -1.000000000000000000e+00
4.166666666666668517e-02 1.000000000000000000e+00 1.732050807568877859e+00 1.000000000000000000e+00
-2.777777777777780746e-02 1.000000000000000000e+00 1.732050807568877859e+00 -1.732050807568877859e+00
-2.777777777777782828e-02 1.000000000000000000e+00 1.732050807568877859e+00 1.732050807568877859e+00
3.822987897339041961e-03 1.000000000000000000e+00 1.732050807568877859e+00 -2.334414218338976443e+00
3.784367876932766273e-02 1.000000000000000000e+00 1.732050807568877859e+00 -7.419637843027259150e-01
3.784367876932762109e-02 1.000000000000000000e+00 1.732050807568877859e+00 7.419637843027258040e-01
3.822987897339047599e-03 1.000000000000000000e+00 1.732050807568877859e+00 2.334414218338976887e+00
3.822987897339037017e-02 1.000000000000000000e+00 -2.334414218338976443e+00 0.000000000000000000e+00
-2.293792738403422141e-02 1.000000000000000000e+00 -2.334414218338976443e+00 -1.000000000000000000e+00
-2.293792738403422141e-02 1.000000000000000000e+00 -2.334414218338976443e+00 1.000000000000000000e+00
3.822987897339039359e-03 1.000000000000000000e+00 -2.334414218338976443e+00 -1.732050807568877859e+00
3.822987897339041961e-03 1.000000000000000000e+00 -2.334414218338976443e+00 1.732050807568877859e+00
3.784367876932762109e-01 1.000000000000000000e+00 -7.419637843027259150e-01 0.000000000000000000e+00
-2.270620726159656710e-01 1.000000000000000000e+00 -7.419637843027259150e-01 -1.000000000000000000e+00
-2.270620726159656710e-01 1.000000000000000000e+00 -7.419637843027259150e-01 1.000000000000000000e+00
3.784367876932763497e-02 1.000000000000000000e+00 -7.419637843027259150e-01 -1.732050807568877859e+00
3.784367876932766273e-02 1.000000000000000000e+00 -7.419637843027259150e-01 1.732050807568877859e+00
3.784367876932757113e-01 1.000000000000000000e+00 7.419637843027258040e-01 0.000000000000000000e+00
-2.270620726159654490e-01 1.000000000000000000e+00 7.419637843027258040e-01 -1.000000000000000000e+00
-2.270620726159654490e-01 1.000000000000000000e+00 7.419637843027258040e-01 1.000000000000000000e+00
3.784367876932759334e-02 1.000000000000000000e+00 7.419637843027258040e-01 -1.732050807568877859e+00
3.784367876932762109e-02 1.000000000000000000e+00 7.419637843027258040e-01 1.732050807568877859e+00
3.822987897339043262e-02 1.000000000000000000e+00 2.334414218338976887e+00 0.000000000000000000e+00
-2.293792738403425610e-02 1.000000000000000000e+00 2.334414218338976887e+00 -1.000000000000000000e+00
-2.293792738403425610e-02 1.000000000000000000e+00 2.334414218338976887e+00 1.000000000000000000e+00
3.822987897339044996e-03 1.000000000000000000e+00 2.334414218338976887e+00 -1.732050807568877859e+00
3.822987897339047599e-03 1.000000000000000000e+00 2.334414218338976887e+00 1.732050807568877859e+00
-1.125741132772072051e-02 1.000000000000000000e+00 -2.856970013872805580e+00 0.000000000000000000e+00
2.814352831930179693e-03 1.000000000000000000e+00 -2.856970013872805580e+00 -1.000000000000000000e+00
2.814352831930179693e-03 1.000000000000000000e+00 -2.856970013872805580e+00 1.000000000000000000e+00
-2.220759220056126582e-01 1.000000000000000000e+00 -1.355626179974265710e+00 0.000000000000000000e+00
5.551898050140315760e-02 1.000000000000000000e+00 -1.355626179974265710e+00 -1.000000000000000000e+00
5.551898050140315760e-02 1.000000000000000000e+00 -1.355626179974265710e+00 1.000000000000000000e+00
-2.220759220056125749e-01 1.000000000000000000e+00 1.355626179974266377e+00 0.000000000000000000e+00
5.551898050140313678e-02 1.000000000000000000e+00 1.355626179974266377e+00 -1.000000000000000000e+00
5.551898050140313678e-02 1.000000000000000000e+00 1.355626179974266377e+00 1.000000000000000000e+00
-1.125741132772067020e-02 1.000000000000000000e+00 2.856970013872805580e+00 0.000000000000000000e+00
2.814352831930167116e-03 1.000000000000000000e+00 2.856970013872805580e+00 -1.000000000000000000e+00
2.814352831930167116e-03 1.000000000000000000e+00 2.856970013872805580e+00 1.000000000000000000e+00
1.277892201027993821e-03 1.000000000000000000e+00 -3.324257433552119778e+00 0.000000000000000000e+00
4.430787302095737928e-02 1.000000000000000000e+00 -1.889175877753709543e+00 0.000000000000000000e+00
2.044142347780146807e-01 1.000000000000000000e+00 -6.167065901925937732e-01 0.000000000000000000e+00
2.044142347779998037e-01 1.000000000000000000e+00 6.167065901925934401e-01 0.000000000000000000e+00
4.430787302097208974e-02 1.000000000000000000e+00 1.889175877753710209e+00 0.000000000000000000e+00
1.277892201028129563e-03 1.000000000000000000e+00 3.324257433552119778e+00 0.000000000000000000e+00
4.740740740740743142e-01 -1.732050807568877859e+00 0.000000000000000000e+00 0.000000000000000000e+00
-1.111111111111110911e-01 -1.732050807568877859e+00 0.000000000000000000e+00 -1.000000000000000000e+00
-1.111111111111110911e-01 -1.732050807568877859e+00 0.000000000000000000e+00 1.000000000000000000e+00
4.629629629629632842e-02 -1.732050807568877859e+00 0.000000000000000000e+00 -1.732050807568877859e+00
4.629629629629634924e-02 -1.732050807568877859e+00 0.000000000000000000e+00 1.732050807568877859e+00
-1.529195158935616264e-02 -1.732050807568877859e+00 0.000000000000000000e+00 -2.334414218338976443e+00
-1.513747150773105676e-01 -1.732050807568877859e+00 0.000000000000000000e+00 -7.419637843027259150e-01
-1.513747150773104289e-01 -1.732050807568877859e+00 0.000000000000000000e+00 7.419637843027258040e-01
-1.529195158935618519e-02 -1.732050807568877859e+00 0.000000000000000000e+00 2.334414218338976887e+00
1.876235221286787908e-03 -1.732050807568877859e+00 0.000000000000000000e+00 -2.856970013872805580e+00
3.701265366760213282e-02 -1.732050807568877859e+00 0.000000000000000000e+00 -1.355626179974265710e+00
3.701265366760211895e-02 -1.732050807568877859e+00 0.000000000000000000e+00 1.355626179974266377e+00
1.876235221286779668e-03 -1.732050807568877859e+00 0.000000000000000000e+00 2.856970013872805580e+00
-1.111111111111110911e-01 -1.732050807568877859e+00 -1.000000000000000000e+00 0.000000000000000000e+00
4.166666666666666435e-02 -1.732050807568877859e+00 -1.000000000000000000e+00 -1.000000000000000000e+00
4.166666666666666435e-02 -1.732050807568877859e+00 -1.000000000000000000e+00 1.000000000000000000e+00
-2.777777777777780052e-02 -1.732050807568877859e+00 -1.000000000000000000e+00 -1.732050807568877859e+00
-2.777777777777780746e-02 -1.732050807568877859e+00 -1.000000000000000000e+00 1.732050807568877859e+00
3.822987897339039359e-03 -1.732050807568877859e+00 -1.000000000000000000e+00 -2.334414218338976443e+00
3.784367876932764191e-02 -1.732050807568877859e+00 -1.000000000000000000e+00 -7.419637843027259150e-01
3.784367876932760028e-02 -1.732050807568877859e+00 -1.000000000000000000e+00 7.419637843027258040e-01
3.822987897339045864e-03 -1.732050807568877859e+00 -1.000000000000000000e+00 2.334414218338976887e+00
-1.111111111111110911e-01 -1.732050807568877859e+00 1.000000000000000000e+00 0.000000000000000000e+00
4.166666666666666435e-02 -1.732050807568877859e+00 1.000000000000000000e+00 -1.000000000000000000e+00
4.166666666666666435e-02 -1.732050807568877859e+00 1.000000000000000000e+00 1.000000000000000000e+00
-2.777777777777780052e-02 -1.732050807568877859e+00 1.000000000000000000e+00 -1.732050807568877859e+00
-2.777777777777780746e-02 -1.732050807568877859e+00 1.000000000000000000e+00 1.732050807568877859e+00
3.822987897339039359e-03 -1.732050807568877859e+00 1.000000000000000000e+00 -2.334414218338976443e+00
3.784367876932764191e-02 -1.732050807568877859e+00 1.000000000000000000e+00 -7.419637843027259150e-01
3.784367876932760028e-02 -1.732050807568877859e+00 1.000000000000000000e+00 7.419637843027258040e-01
3.822987897339045864e-03 -1.732050807568877859e+00 1.000000000000000000e+00 2.334414218338976887e+00
4.629629629629632842e-02 -1.732050807568877859e+00 -1.732050807568877859e+00 0.000000000000000000e+00
-2.777777777777780052e-02 -1.732050807568877859e+00 -1.732050807568877859e+00 -1.000000000000000000e+00
-2.777777777777780052e-02 -1.732050807568877859e+00 -1.732050807568877859e+00 1.000000000000000000e+00
4.629629629629635444e-03 -1.732050807568877859e+00 -1.732050807568877859e+00 -1.732050807568877859e+00
4.629629629629638046e-03 -1.732050807568877859e+00 -1.732050807568877859e+00 1.732050807568877859e+00
4.629629629629634924e-02 -1.732050807568877859e+00 1.732050807568877859e+00 0.000000000000000000e+00
-2.777777777777780746e-02 -1.732050807568877859e+00 1.732050807568877859e+00 -1.000000000000000000e+00
-2.777777777777780746e-02 -1.732050807568877859e+00 1.732050807568877859e+00 1.000000000000000000e+00
4.629629629629638046e-03 -1.732050807568877859e+00 1.732050807568877859e+00 -1.732050807568877859e+00
4.629629629629640648e-03 -1.732050807568877859e+00 1.732050807568877859e+00 1.732050807568877859e+00
-1.529195158935616264e-02 -1.732050807568877859e+00 -2.334414218338976443e+00 0.000000000000000000e+00
3.822987897339039359e-03 -1.732050807568877859e+00 -2.334414218338976443e+00 -1.000000000000000000e+00
3.822987897339039359e-03 -1.732050807568877859e+00 -2.334414218338976443e+00 1.000000000000000000e+00
-1.513747150773105676e-01 -1.732050807568877859e+00 -7.419637843027259150e-01 0.000000000000000000e+00
3.784367876932764191e-02 -1.732050807568877859e+00 -7.419637843027259150e-01 -1.000000000000000000e+00
3.784367876932764191e-02 -1.732050807568877859e+00 -7.419637843027259150e-01 1.000000000000000000e+00
-1.513747150773104289e-01 -1.732050807568877859e+00 7.419637843027258040e-01 0.000000000000000000e+00
3.784367876932760028e-02 -1.732050807568877859e+00 7.419637843027258040e-01 -1.000000000000000000e+00
3.784367876932760028e-02 -1.732050807568877859e+00 7.419637843027258040e-01 1.000000000000000000e+00
-1.529195158935618519e-02 -1.732050807568877859e+00 2.334414218338976887e+00 0.000000000000000000e+00
3.822987897339045864e-03 -1.732050807568877859e+00 2.334414218338976887e+00 -1.000000000000000000e+00
3.822987897339045864e-03 -1.732050807568877859e+00 2.334414218338976887e+00 1.000000000000000000e+00
1.876235221286787908e-03 -1.732050807568877859e+00 -2.856970013872805580e+00 0.000000000000000000e+00
3.701265366760213282e-02 -1.732050807568877859e+00 -1.355626179974265710e+00 0.000000000000000000e+00
3.701265366760211895e-02 -1.732050807568877859e+00 1.355626179974266377e+00 0.000000000000000000e+00
1.876235221286779668e-03 -1.732050807568877859e+00 2.856970013872805580e+00 0.000000000000000000e+00
4.740740740740745918e-01 1.732050807568877859e+00 0.000000000000000000e+00 0.000000000000000000e+00
-1.111111111111111605e-01 1.732050807568877859e+00 0.000000000000000000e+00 -1.000000000000000000e+00
-1.111111111111111605e-01 1.732050807568877859e+00 0.000000000000000000e+00 1.000000000000000000e+00
4.629629629629635618e-02 1.732050807568877859e+00 0.000000000000000000e+00 -1.732050807568877859e+00
4.629629629629637699e-02 1.732050807568877859e+00 0.000000000000000000e+00 1.732050807568877859e+00
-1.529195158935616958e-02 1.732050807568877859e+00 0.000000000000000000e+00 -2.334414218338976443e+00
-1.513747150773106509e-01 1.732050807568877859e+00 0.000000000000000000e+00 -7.419637843027259150e-01
-1.513747150773105121e-01 1.732050807568877859e+00 0.000000000000000000e+00 7.419637843027258040e-01
-1.529195158935619560e-02 1.732050807568877859e+00 0.000000000000000000e+00 2.334414218338976887e+00
1.876235221286788992e-03 1.732050807568877859e+00 0.000000000000000000e+00 -2.856970013872805580e+00
3.701265366760215364e-02 1.732050807568877859e+00 0.000000000000000000e+00 -1.355626179974265710e+00
3.701265366760213976e-02 1.732050807568877859e+00 0.000000000000000000e+00 1.355626179974266377e+00
1.876235221286780969e-03 1.732050807568877859e+00 0.000000000000000000e+00 2.856970013872805580e+00
-1.111111111111111605e-01 1.732050807568877859e+00 -1.000000000000000000e+00 0.000000000000000000e+00
4.166666666666668517e-02 1.732050807568877859e+00 -1.000000000000000000e+00 -1.000000000000000000e+00
4.166666666666668517e-02 1.732050807568877859e+00 -1.000000000000000000e+00 1.000000000000000000e+00
-2.777777777777781440e-02 1.732050807568877859e+00 -1.000000000000000000e+00 -1.732050807568877859e+00
-2.777777777777782481e-02 1.732050807568877859e+00 -1.000000000000000000e+00 1.732050807568877859e+00
3.822987897339041961e-03 1.732050807568877859e+00 -1.000000000000000000e+00 -2.334414218338976443e+00
3.784367876932766273e-02 1.732050807568877859e+00 -1.000000000000000000e+00 -7.419637843027259150e-01
3.784367876932762109e-02 1.732050807568877859e+00 -1.000000000000000000e+00 7.419637843027258040e-01
3.822987897339047599e-03 1.732050807568877859e+00 -1.000000000000000000e+00 2.334414218338976887e+00
-1.111111111111111605e-01 1.732050807568877859e+00 1.000000000000000000e+00 0.000000000000000000e+00
4.166666666666668517e-02 1.732050807568877859e+00 1.000000000000000000e+00 -1.000000000000000000e+00
4.166666666666668517e-02 1.732050807568877859e+00 1.000000000000000000e+00 1.000000000000000000e+00
-2.777777777777781440e-02 1.732050807568877859e+00 1.000000000000000000e+00 -1.732050807568877859e+00
-2.777777777777782481e-02 1.732050807568877859e+00 1.000000000000000000e+00 1.732050807568877859e+00
3.822987897339041961e-03 1.732050807568877859e+00 1.000000000000000000e+00 -2.334414218338976443e+00
3.784367876932766273e-02 1.732050807568877859e+00 1.000000000000000000e+00 -7.419637843027259150e-01
3.784367876932762109e-02 1.732050807568877859e+00 1.000000000000000000e+00 7.419637843027258040e-01
3.822987897339047599e-03 1.732050807568877859e+00 1.000000000000000000e+00 2.334414218338976887e+00
4.629629629629635618e-02 1.732050807568877859e+00 -1.732050807568877859e+00 0.000000000000000000e+00
-2.777777777777781440e-02 1.732050807568877859e+00 -1.732050807568877859e+00 -1.000000000000000000e+00
-2.777777777777781440e-02 1.732050807568877859e+00 -1.732050807568877859e+00 1.000000000000000000e+00
4.629629629629638046e-03 1.732050807568877859e+00 -1.732050807568877859e+00 -1.732050807568877859e+00
4.629629629629640648e-03 1.732050807568877859e+00 -1.732050807568877859e+00 1.732050807568877859e+00
4.629629629629637699e-02 1.732050807568877859e+00 1.732050807568877859e+00 0.000000000000000000e+00
-2.777777777777782481e-02 1.732050807568877859e+00 1.732050807568877859e+00 -1.000000000000000000e+00
-2.777777777777782481e-02 1.732050807568877859e+00 1.732050807568877859e+00 1.000000000000000000e+00
4.629629629629640648e-03 1.732050807568877859e+00 1.732050807568877859e+00 -1.732050807568877859e+00
4.629629629629643250e-03 1.732050807568877859e+00 1.732050807568877859e+00 1.732050807568877859e+00
-1.529195158935616958e-02 1.732050807568877859e+00 -2.334414218338976443e+00 0.000000000000000000e+00
3.822987897339041961e-03 1.732050807568877859e+00 -2.334414218338976443e+00 -1.000000000000000000e+00
3.822987897339041961e-03 1.732050807568877859e+00 -2.334414218338976443e+00 1.000000000000000000e+00
-1.513747150773106509e-01 1.732050807568877859e+00 -7.419637843027259150e-01 0.000000000000000000e+00
3.784367876932766273e-02 1.732050807568877859e+00 -7.419637843027259150e-01 -1.000000000000000000e+00
3.784367876932766273e-02 1.732050807568877859e+00 -7.419637843027259150e-01 1.000000000000000000e+00
-1.513747150773105121e-01 1.732050807568877859e+00 7.419637843027258040e-01 0.000000000000000000e+00
3.784367876932762109e-02 1.732050807568877859e+00 7.419637843027258040e-01 -1.000000000000000000e+00
3.784367876932762109e-02 1.732050807568877859e+00 7.419637843027258040e-01 1.000000000000000000e+00
-1.529195158935619560e-02 1.732050807568877859e+00 2.334414218338976887e+00 0.000000000000000000e+00
3.822987897339047599e-03 1.732050807568877859e+00 2.334414218338976887e+00 -1.000000000000000000e+00
3.822987897339047599e-03 1.732050807568877859e+00 2.334414218338976887e+00 1.000000000000000000e+00
1.876235221286788992e-03 1.732050807568877859e+00 -2.856970013872805580e+00 0.000000000000000000e+00
3.701265366760215364e-02 1.732050807568877859e+00 -1.355626179974265710e+00 0.000000000000000000e+00
3.701265366760213976e-02 1.732050807568877859e+00 1.355626179974266377e+00 0.000000000000000000e+00
1.876235221286780969e-03 1.732050807568877859e+00 2.856970013872805580e+00 0.000000000000000000e+00
-1.223356127148492040e-01 -2.334414218338976443e+00 0.000000000000000000e+00 0.000000000000000000e+00
3.822987897339037017e-02 -2.334414218338976443e+00 0.000000000000000000e+00 -1.000000000000000000e+00
3.822987897339037017e-02 -2.334414218338976443e+00 0.000000000000000000e+00 1.000000000000000000e+00
-1.529195158935616264e-02 -2.334414218338976443e+00 0.000000000000000000e+00 -1.732050807568877859e+00
-1.529195158935616958e-02 -2.334414218338976443e+00 0.000000000000000000e+00 1.732050807568877859e+00
2.104594050700910046e-03 -2.334414218338976443e+00 0.000000000000000000e+00 -2.334414218338976443e+00
2.083333333333332177e-02 -2.334414218338976443e+00 0.000000000000000000e+00 -7.419637843027259150e-01
2.083333333333330095e-02 -2.334414218338976443e+00 0.000000000000000000e+00 7.419637843027258040e-01
2.104594050700913516e-03 -2.334414218338976443e+00 0.000000000000000000e+00 2.334414218338976887e+00
3.822987897339037017e-02 -2.334414218338976443e+00 -1.000000000000000000e+00 0.000000000000000000e+00
-2.293792738403422141e-02 -2.334414218338976443e+00 -1.000000000000000000e+00 -1.000000000000000000e+00
-2.293792738403422141e-02 -2.334414218338976443e+00 -1.000000000000000000e+00 1.000000000000000000e+00
3.822987897339040226e-03 -2.334414218338976443e+00 -1.000000000000000000e+00 -1.732050807568877859e+00
3.822987897339041093e-03 -2.334414218338976443e+00 -1.000000000000000000e+00 1.732050807568877859e+00
3.822987897339037017e-02 -2.334414218338976443e+00 1.000000000000000000e+00 0.000000000000000000e+00
-2.293792738403422141e-02 -2.334414218338976443e+00 1.000000000000000000e+00 -1.000000000000000000e+00
-2.293792738403422141e-02 -2.334414218338976443e+00 1.000000000000000000e+00 1.000000000000000000e+00
3.822987897339040226e-03 -2.334414218338976443e+00 1.000000000000000000e+00 -1.732050807568877859e+00
3.822987897339041093e-03 -2.334414218338976443e+00 1.000000000000000000e+00 1.732050807568877859e+00
-1.529195158935616264e-02 -2.334414218338976443e+00 -1.732050807568877859e+00 0.000000000000000000e+00
3.822987897339040226e-03 -2.334414218338976443e+00 -1.732050807568877859e+00 -1.000000000000000000e+00
3.822987897339040226e-03 -2.334414218338976443e+00 -1.732050807568877859e+00 1.000000000000000000e+00
-1.529195158935616958e-02 -2.334414218338976443e+00 1.732050807568877859e+00 0.000000000000000000e+00
3.822987897339041093e-03 -2.334414218338976443e+00 1.732050807568877859e+00 -1.000000000000000000e+00
3.822987897339041093e-03 -2.334414218338976443e+00 1.732050807568877859e+00 1.000000000000000000e+00
2.104594050700910046e-03 -2.334414218338976443e+00 -2.334414218338976443e+00 0.000000000000000000e+00
2.083333333333332177e-02 -2.334414218338976443e+00 -7.419637843027259150e-01 0.000000000000000000e+00
2.083333333333330095e-02 -2.334414218338976443e+00 7.419637843027258040e-01 0.000000000000000000e+00
2.104594050700913516e-03 -2.334414218338976443e+00 2.334414218338976887e+00 0.000000000000000000e+00
-1.210997720618483875e+00 -7.419637843027259150e-01 0.000000000000000000e+00 0.000000000000000000e+00
3.784367876932762109e-01 -7.419637843027259150e-01 0.000000000000000000e+00 -1.000000000000000000e+00
3.784367876932762109e-01 -7.419637843027259150e-01 0.000000000000000000e+00 1.000000000000000000e+00
-1.513747150773105954e-01 -7.419637843027259150e-01 0.000000000000000000e+00 -1.732050807568877859e+00
-1.513747150773106509e-01 -7.419637843027259150e-01 0.000000000000000000e+00 1.732050807568877859e+00
2.083333333333332524e-02 -7.419637843027259150e-01 0.000000000000000000e+00 -2.334414218338976443e+00
2.062287392826324672e-01 -7.419637843027259150e-01 0.000000000000000000e+00 -7.419637843027259150e-01
2.062287392826322452e-01 -7.419637843027259150e-01 0.000000000000000000e+00 7.419637843027258040e-01
2.083333333333335646e-02 -7.419637843027259150e-01 0.000000000000000000e+00 2.334414218338976887e+00
3.784367876932762109e-01 -7.419637843027259150e-01 -1.000000000000000000e+00 0.000000000000000000e+00
-2.270620726159656710e-01 -7.419637843027259150e-01 -1.000000000000000000e+00 -1.000000000000000000e+00
-2.270620726159656710e-01 -7.419637843027259150e-01 -1.000000000000000000e+00 1.000000000000000000e+00
3.784367876932764191e-02 -7.419637843027259150e-01 -1.000000000000000000e+00 -1.732050807568877859e+00
3.784367876932766273e-02 -7.419637843027259150e-01 -1.000000000000000000e+00 1.732050807568877859e+00
3.784367876932762109e-01 -7.419637843027259150e-01 1.000000000000000000e+00 0.000000000000000000e+00
-2.270620726159656710e-01 -7.419637843027259150e-01 1.000000000000000000e+00 -1.000000000000000000e+00
-2.270620726159656710e-01 -7.419637843027259150e-01 1.000000000000000000e+00 1.000000000000000000e+00
3.784367876932764191e-02 -7.419637843027259150e-01 1.000000000000000000e+00 -1.732050807568877859e+00
3.784367876932766273e-02 -7.419637843027259150e-01 1.000000000000000000e+00 1.732050807568877859e+00
-1.513747150773105954e-01 -7.419637843027259150e-01 -1.732050807568877859e+00 0.000000000000000000e+00
3.784367876932764191e-02 -7.419637843027259150e-01 -1.732050807568877859e+00 -1.000000000000000000e+00
3.784367876932764191e-02 -7.419637843027259150e-01 -1.732050807568877859e+00 1.000000000000000000e+00
-1.513747150773106509e-01 -7.419637843027259150e-01 1.732050807568877859e+00 0.000000000000000000e+00
3.784367876932766273e-02 -7.419637843027259150e-01 1.732050807568877859e+00 -1.000000000000000000e+00
3.784367876932766273e-02 -7.419637843027259150e-01 1.732050807568877859e+00 1.000000000000000000e+00
2.083333333333332524e-02 -7.419637843027259150e-01 -2.334414218338976443e+00 0.000000000000000000e+00
2.062287392826324672e-01 -7.419637843027259150e-01 -7.419637843027259150e-01 0.000000000000000000e+00
2.062287392826322452e-01 -7.419637843027259150e-01 7.419637843027258040e-01 0.000000000000000000e+00
2.083333333333335646e-02 -7.419637843027259150e-01 2.334414218338976887e+00 0.000000000000000000e+00
-1.210997720618482321e+00 7.419637843027258040e-01 0.000000000000000000e+00 0.000000000000000000e+00
3.784367876932757113e-01 7.419637843027258040e-01 0.000000000000000000e+00 -1.000000000000000000e+00
3.784367876932757113e-01 7.419637843027258040e-01 0.000000000000000000e+00 1.000000000000000000e+00
-1.513747150773104289e-01 7.419637843027258040e-01 0.000000000000000000e+00 -1.732050807568877859e+00
-1.513747150773105121e-01 7.419637843027258040e-01 0.000000000000000000e+00 1.732050807568877859e+00
2.083333333333330095e-02 7.419637843027258040e-01 0.000000000000000000e+00 -2.334414218338976443e+00
2.062287392826322452e-01 7.419637843027258040e-01 0.000000000000000000e+00 -7.419637843027259150e-01
2.062287392826320509e-01 7.419637843027258040e-01 0.000000000000000000e+00 7.419637843027258040e-01
2.083333333333333218e-02 7.419637843027258040e-01 0.000000000000000000e+00 2.334414218338976887e+00
3.784367876932757113e-01 7.419637843027258040e-01 -1.000000000000000000e+00 0.000000000000000000e+00
-2.270620726159654490e-01 7.419637843027258040e-01 -1.000000000000000000e+00 -1.000000000000000000e+00
-2.270620726159654490e-01 7.419637843027258040e-01 -1.000000000000000000e+00 1.000000000000000000e+00
3.784367876932760028e-02 7.419637843027258040e-01 -1.000000000000000000e+00 -1.732050807568877859e+00
3.784367876932761415e-02 7.419637843027258040e-01 -1.000000000000000000e+00 1.732050807568877859e+00
3.784367876932757113e-01 7.419637843027258040e-01 1.000000000000000000e+00 0.000000000000000000e+00
-2.270620726159654490e-01 7.419637843027258040e-01 1.000000000000000000e+00 -1.000000000000000000e+00
-2.270620726159654490e-01 7.419637843027258040e-01 1.000000000000000000e+00 1.000000000000000000e+00
3.784367876932760028e-02 7.419637843027258040e-01 1.000000000000000000e+00 -1.732050807568877859e+00
3.784367876932761415e-02 7.419637843027258040e-01 1.000000000000000000e+00 1.732050807568877859e+00
-1.513747150773104289e-01 7.419637843027258040e-01 -1.732050807568877859e+00 0.000000000000000000e+00
3.784367876932760028e-02 7.419637843027258040e-01 -1.732050807568877859e+00 -1.000000000000000000e+00
3.784367876932760028e-02 7.419637843027258040e-01 -1.732050807568877859e+00 1.000000000000000000e+00
-1.513747150773105121e-01 7.419637843027258040e-01 1.732050807568877859e+00 0.000000000000000000e+00
3.784367876932761415e-02 7.419637843027258040e-01 1.732050807568877859e+00 -1.000000000000000000e+00
3.784367876932761415e-02 7.419637843027258040e-01 1.732050807568877859e+00 1.000000000000000000e+00
2.083333333333330095e-02 7.419637843027258040e-01 -2.334414218338976443e+00 0.000000000000000000e+00
2.062287392826322452e-01 7.419637843027258040e-01 -7.419637843027259150e-01 0.000000000000000000e+00
2.062287392826320509e-01 7.419637843027258040e-01 7.419637843027258040e-01 0.000000000000000000e+00
2.083333333333333218e-02 7.419637843027258040e-01 2.334414218338976887e+00 0.000000000000000000e+00
-1.223356127148493844e-01 2.334414218338976887e+00 0.000000000000000000e+00 0.000000000000000000e+00
3.822987897339043262e-02 2.334414218338976887e+00 0.000000000000000000e+00 -1.000000000000000000e+00
3.822987897339043262e-02 2.334414218338976887e+00 0.000000000000000000e+00 1.000000000000000000e+00
-1.529195158935618692e-02 2.334414218338976887e+00 0.000000000000000000e+00 -1.732050807568877859e+00
-1.529195158935619213e-02 2.334414218338976887e+00 0.000000000000000000e+00 1.732050807568877859e+00
2.104594050700913516e-03 2.334414218338976887e+00 0.000000000000000000e+00 -2.334414218338976443e+00
2.083333333333335646e-02 2.334414218338976887e+00 0.000000000000000000e+00 -7.419637843027259150e-01
2.083333333333333218e-02 2.334414218338976887e+00 0.000000000000000000e+00 7.419637843027258040e-01
2.104594050700916985e-03 2.334414218338976887e+00 0.000000000000000000e+00 2.334414218338976887e+00
3.822987897339043262e-02 2.334414218338976887e+00 -1.000000000000000000e+00 0.000000000000000000e+00
-2.293792738403425610e-02 2.334414218338976887e+00 -1.000000000000000000e+00 -1.000000000000000000e+00
-2.293792738403425610e-02 2.334414218338976887e+00 -1.000000000000000000e+00 1.000000000000000000e+00
3.822987897339045864e-03 2.334414218338976887e+00 -1.000000000000000000e+00 -1.732050807568877859e+00
3.822987897339047599e-03 2.334414218338976887e+00 -1.000000000000000000e+00 1.732050807568877859e+00
3.822987897339043262e-02 2.334414218338976887e+00 1.000000000000000000e+00 0.000000000000000000e+00
-2.293792738403425610e-02 2.334414218338976887e+00 1.000000000000000000e+00 -1.000000000000000000e+00
-2.293792738403425610e-02 2.334414218338976887e+00 1.000000000000000000e+00 1.000000000000000000e+00
3.822987897339045864e-03 2.334414218338976887e+00 1.000000000000000000e+00 -1.732050807568877859e+00
3.822987897339047599e-03 2.334414218338976887e+00 1.000000000000000000e+00 1.732050807568877859e+00
-1.529195158935618692e-02 2.334414218338976887e+00 -1.732050807568877859e+00 0.000000000000000000e+00
3.822987897339045864e-03 2.334414218338976887e+00 -1.732050807568877859e+00 -1.000000000000000000e+00
3.822987897339045864e-03 2.334414218338976887e+00 -1.732050807568877859e+00 1.000000000000000000e+00
-1.529195158935619213e-02 2.334414218338976887e+00 1.732050807568877859e+00 0.000000000000000000e+00
3.822987897339047599e-03 2.334414218338976887e+00 1.732050807568877859e+00 -1.000000000000000000e+00
3.822987897339047599e-03 2.334414218338976887e+00 1.732050807568877859e+00 1.000000000000000000e+00
2.104594050700913516e-03 2.334414218338976887e+00 -2.334414218338976443e+00 0.000000000000000000e+00
2.083333333333335646e-02 2.334414218338976887e+00 -7.419637843027259150e-01 0.000000000000000000e+00
2.083333333333333218e-02 2.334414218338976887e+00 7.419637843027258040e-01 0.000000000000000000e+00
2.104594050700916985e-03 2.334414218338976887e+00 2.334414218338976887e+00 0.000000000000000000e+00
2.626729309801501336e-02 -2.856970013872805580e+00 0.000000000000000000e+00 0.000000000000000000e+00
-1.125741132772072051e-02 -2.856970013872805580e+00 0.000000000000000000e+00 -1.000000000000000000e+00
-1.125741132772072051e-02 -2.856970013872805580e+00 0.000000000000000000e+00 1.000000000000000000e+00
1.876235221286788124e-03 -2.856970013872805580e+00 0.000000000000000000e+00 -1.732050807568877859e+00
1.876235221286788775e-03 -2.856970013872805580e+00 0.000000000000000000e+00 1.732050807568877859e+00
-1.125741132772072051e-02 -2.856970013872805580e+00 -1.000000000000000000e+00 0.000000000000000000e+00
2.814352831930179693e-03 -2.856970013872805580e+00 -1.000000000000000000e+00 -1.000000000000000000e+00
2.814352831930179693e-03 -2.856970013872805580e+00 -1.000000000000000000e+00 1.000000000000000000e+00
-1.125741132772072051e-02 -2.856970013872805580e+00 1.000000000000000000e+00 0.000000000000000000e+00
2.814352831930179693e-03 -2.856970013872805580e+00 1.000000000000000000e+00 -1.000000000000000000e+00
2.814352831930179693e-03 -2.856970013872805580e+00 1.000000000000000000e+00 1.000000000000000000e+00
1.876235221286788124e-03 -2.856970013872805580e+00 -1.732050807568877859e+00 0.000000000000000000e+00
1.876235221286788775e-03 -2.856970013872805580e+00 1.732050807568877859e+00 0.000000000000000000e+00
5.181771513464296097e-01 -1.355626179974265710e+00 0.000000000000000000e+00 0.000000000000000000e+00
-2.220759220056126582e-01 -1.355626179974265710e+00 0.000000000000000000e+00 -1.000000000000000000e+00
-2.220759220056126582e-01 -1.355626179974265710e+00 0.000000000000000000e+00 1.000000000000000000e+00
3.701265366760213976e-02 -1.355626179974265710e+00 0.000000000000000000e+00 -1.732050807568877859e+00
3.701265366760215364e-02 -1.355626179974265710e+00 0.000000000000000000e+00 1.732050807568877859e+00
-2.220759220056126582e-01 -1.355626179974265710e+00 -1.000000000000000000e+00 0.000000000000000000e+00
5.551898050140315760e-02 -1.355626179974265710e+00 -1.000000000000000000e+00 -1.000000000000000000e+00
5.551898050140315760e-02 -1.355626179974265710e+00 -1.000000000000000000e+00 1.000000000000000000e+00
-2.220759220056126582e-01 -1.355626179974265710e+00 1.000000000000000000e+00 0.000000000000000000e+00
5.551898050140315760e-02 -1.355626179974265710e+00 1.000000000000000000e+00 -1.000000000000000000e+00
5.551898050140315760e-02 -1.355626179974265710e+00 1.000000000000000000e+00 1.000000000000000000e+00
3.701265366760213976e-02 -1.355626179974265710e+00 -1.732050807568877859e+00 0.000000000000000000e+00
3.701265366760215364e-02 -1.355626179974265710e+00 1.732050807568877859e+00 0.000000000000000000e+00
5.181771513464293877e-01 1.355626179974266377e+00 0.000000000000000000e+00 0.000000000000000000e+00
-2.220759220056125749e-01 1.355626179974266377e+00 0.000000000000000000e+00 -1.000000000000000000e+00
-2.220759220056125749e-01 1.355626179974266377e+00 0.000000000000000000e+00 1.000000000000000000e+00
3.701265366760212588e-02 1.355626179974266377e+00 0.000000000000000000e+00 -1.732050807568877859e+00
3.701265366760213976e-02 1.355626179974266377e+00 0.000000000000000000e+00 1.732050807568877859e+00
-2.220759220056125749e-01 1.355626179974266377e+00 -1.000000000000000000e+00 0.000000000000000000e+00
5.551898050140312985e-02 1.355626179974266377e+00 -1.000000000000000000e+00 -1.000000000000000000e+00
5.551898050140312985e-02 1.355626179974266377e+00 -1.000000000000000000e+00 1.000000000000000000e+00
-2.220759220056125749e-01 1.355626179974266377e+00 1.000000000000000000e+00 0.000000000000000000e+00
5.551898050140312985e-02 1.355626179974266377e+00 1.000000000000000000e+00 -1.000000000000000000e+00
5.551898050140312985e-02 1.355626179974266377e+00 1.000000000000000000e+00 1.000000000000000000e+00
3.701265366760212588e-02 1.355626179974266377e+00 -1.732050807568877859e+00 0.000000000000000000e+00
3.701265366760213976e-02 1.355626179974266377e+00 1.732050807568877859e+00 0.000000000000000000e+00
2.626729309801489887e-02 2.856970013872805580e+00 0.000000000000000000e+00 0.000000000000000000e+00
-1.125741132772067020e-02 2.856970013872805580e+00 0.000000000000000000e+00 -1.000000000000000000e+00
-1.125741132772067020e-02 2.856970013872805580e+00 0.000000000000000000e+00 1.000000000000000000e+00
1.876235221286780101e-03 2.856970013872805580e+00 0.000000000000000000e+00 -1.732050807568877859e+00
1.876235221286780752e-03 2.856970013872805580e+00 0.000000000000000000e+00 1.732050807568877859e+00
-1.125741132772067020e-02 2.856970013872805580e+00 -1.000000000000000000e+00 0.000000000000000000e+00
2.814352831930167116e-03 2.856970013872805580e+00 -1.000000000000000000e+00 -1.000000000000000000e+00
2.814352831930167116e-03 2.856970013872805580e+00 -1.000000000000000000e+00 1.000000000000000000e+00
-1.125741132772067020e-02 2.856970013872805580e+00 1.000000000000000000e+00 0.000000000000000000e+00
2.814352831930167116e-03 2.856970013872805580e+00 1.000000000000000000e+00 -1.000000000000000000e+00
2.814352831930167116e-03 2.856970013872805580e+00 1.000000000000000000e+00 1.000000000000000000e+00
1.876235221286780101e-03 2.856970013872805580e+00 -1.732050807568877859e+00 0.000000000000000000e+00
1.876235221286780752e-03 2.856970013872805580e+00 1.732050807568877859e+00 0.000000000000000000e+00
-5.111568804111976151e-03 -3.324257433552119778e+00 0.000000000000000000e+00 0.000000000000000000e+00
1.277892201027993821e-03 -3.324257433552119778e+00 0.000000000000000000e+00 -1.000000000000000000e+00
1.277892201027993821e-03 -3.324257433552119778e+00 0.000000000000000000e+00 1.000000000000000000e+00
1.277892201027993821e-03 -3.324257433552119778e+00 -1.000000000000000000e+00 0.000000000000000000e+00
1.277892201027993821e-03 -3.324257433552119778e+00 1.000000000000000000e+00 0.000000000000000000e+00
-1.772314920838295726e-01 -1.889175877753709543e+00 0.000000000000000000e+00 0.000000000000000000e+00
4.430787302095737928e-02 -1.889175877753709543e+00 0.000000000000000000e+00 -1.000000000000000000e+00
4.430787302095737928e-02 -1.889175877753709543e+00 0.000000000000000000e+00 1.000000000000000000e+00
4.430787302095737928e-02 -1.889175877753709543e+00 -1.000000000000000000e+00 0.000000000000000000e+00
4.430787302095737928e-02 -1.889175877753709543e+00 1.000000000000000000e+00 0.000000000000000000e+00
-8.176569391120589447e-01 -6.167065901925937732e-01 0.000000000000000000e+00 0.000000000000000000e+00
2.044142347780146807e-01 -6.167065901925937732e-01 0.000000000000000000e+00 -1.000000000000000000e+00
2.044142347780146807e-01 -6.167065901925937732e-01 0.000000000000000000e+00 1.000000000000000000e+00
2.044142347780146807e-01 -6.167065901925937732e-01 -1.000000000000000000e+00 0.000000000000000000e+00
2.044142347780146807e-01 -6.167065901925937732e-01 1.000000000000000000e+00 0.000000000000000000e+00
-8.176569391119994368e-01 6.167065901925934401e-01 0.000000000000000000e+00 0.000000000000000000e+00
2.044142347779998037e-01 6.167065901925934401e-01 0.000000000000000000e+00 -1.000000000000000000e+00
2.044142347779998037e-01 6.167065901925934401e-01 0.000000000000000000e+00 1.000000000000000000e+00
2.044142347779998037e-01 6.167065901925934401e-01 -1.000000000000000000e+00 0.000000000000000000e+00
2.044142347779998037e-01 6.167065901925934401e-01 1.000000000000000000e+00 0.000000000000000000e+00
-1.772314920838884145e-01 1.889175877753710209e+00 0.000000000000000000e+00 0.000000000000000000e+00
4.430787302097209668e-02 1.889175877753710209e+00 0.000000000000000000e+00 -1.000000000000000000e+00
4.430787302097209668e-02 1.889175877753710209e+00 0.000000000000000000e+00 1.000000000000000000e+00
4.430787302097209668e-02 1.889175877753710209e+00 -1.000000000000000000e+00 0.000000000000000000e+00
4.430787302097209668e-02 1.889175877753710209e+00 1.000000000000000000e+00 0.000000000000000000e+00
-5.111568804112518252e-03 3.324257433552119778e+00 0.000000000000000000e+00 0.000000000000000000e+00
1.277892201028129346e-03 3.324257433552119778e+00 0.000000000000000000e+00 -1.000000000000000000e+00
1.277892201028129346e-03 3.324257433552119778e+00 0.000000000000000000e+00 1.000000000000000000e+00
1.277892201028129346e-03 3.324257433552119778e+00 -1.000000000000000000e+00 0.000000000000000000e+00
1.277892201028129346e-03 3.324257433552119778e+00 1.000000000000000000e+00 0.000000000000000000e+00
5.482688559722203800e-04 -3.750439717725742916e+00 0.000000000000000000e+00 0.000000000000000000e+00
3.075712396759513328e-02 -2.366759410734541103e+00 0.000000000000000000e+00 0.000000000000000000e+00
2.401231786050126715e-01 -1.154405394739968171e+00 0.000000000000000000e+00 0.000000000000000000e+00
2.401231786050078976e-01 1.154405394739968171e+00 0.000000000000000000e+00 0.000000000000000000e+00
3.075712396758300410e-02 2.366759410734540658e+00 0.000000000000000000e+00 0.000000000000000000e+00
5.482688559722155011e-04 3.750439717725742916e+00 0.000000000000000000e+00 0.000000000000000000e+00
