0.094356 97.543887 112.659013 85.850517
0.103801 67.504391 62.354509 52.660191
0.112839 57.225815 38.653615 36.954105
0.121533 60.424178 25.299232 35.063458
0.129933 61.482070 24.395790 31.113180
0.138074 64.726353 16.611427 32.558853
0.145988 61.240795 15.142465 28.321665
0.153699 56.102166 15.408194 23.566546
0.161227 58.598541 12.670139 24.747501
0.168589 53.926307 14.046543 21.070437
0.175800 49.742369 9.457511 20.249319
0.182872 46.034331 8.427909 18.871771
0.189818 39.795281 9.901589 15.329821
0.196645 34.775984 9.076456 13.263824
0.203363 31.043072 10.358798 10.807852
0.209980 28.735050 9.366810 10.105000
0.216501 24.885951 8.004749 8.762461
0.222934 25.495611 5.013799 10.455181
0.229283 21.078642 6.980388 7.183742
0.235554 20.041948 5.073582 7.518818
0.241751 18.986154 4.684846 7.109574
0.247878 17.650379 3.995221 6.753389
0.253940 16.311894 3.691176 6.250274
0.259938 15.594612 3.406538 6.026172
0.265878 14.169290 3.361740 5.313462
0.271762 13.833642 3.104878 5.235481
0.277593 12.992074 2.866296 4.909727
0.283373 12.416762 2.656958 4.695640
0.289105 12.076158 2.524612 4.581320
0.294791 11.423631 2.514019 4.277091
0.300433 11.261217 2.453163 4.220520
0.306034 10.652648 2.292772 3.993877
0.311595 10.420086 2.473614 3.758243
0.317118 10.288311 2.172729 3.835837
0.322604 9.885688 2.213772 3.610519
0.328056 9.726549 2.228261 3.507259
0.333475 9.517777 2.140173 3.450522
0.338862 9.452981 2.121799 3.417499
0.344218 9.196452 2.061138 3.332728
0.349546 9.180563 2.086447 3.311741
0.354846 8.905408 2.030692 3.214471
0.360119 8.983048 2.067302 3.236730
0.365367 8.793312 1.731468 3.310866
0.370590 8.837953 1.818947 3.278980
0.375791 8.617371 1.819749 3.166992
0.380969 8.696459 1.826961 3.211901
0.386125 8.525536 1.835284 3.130314
0.391261 8.581861 1.835609 3.161798
0.396378 8.564854 1.935726 3.094698
0.401477 8.434348 1.682912 3.148969
0.406557 8.312831 1.624352 3.110258
0.411620 8.362276 1.598632 3.150244
0.416668 8.205152 1.524430 3.113274
0.421700 8.130694 1.039093 3.320765
0.426717 7.990404 1.022412 3.237760
0.431720 7.990447 1.020825 3.244978
0.436709 8.022161 1.218985 3.157200
0.441686 8.069219 1.231236 3.169927
0.446651 7.941651 1.107287 3.162449
0.451605 7.983341 1.051089 3.205078
0.456547 7.882760 1.061762 3.158199
0.461480 7.945695 1.195397 3.099064
0.466402 7.800084 1.181344 3.031995
0.471316 7.773354 1.213578 2.996328
0.476221 7.614903 1.208373 2.944493
0.481118 7.667464 1.274979 2.926752
0.486007 7.525899 1.297911 2.838062
0.490889 7.467808 1.262417 2.825895
0.495765 7.500791 1.091957 2.921785
0.500634 7.457728 1.063482 2.912159
0.505498 7.232689 0.931695 2.876264
0.510357 7.258111 1.014535 2.836900
0.515211 7.009045 1.079600 2.675590
0.520061 7.046664 1.006036 2.728827
0.524907 6.905904 1.023574 2.649948
0.529749 6.867878 1.030971 2.635735
0.534589 6.695314 0.930808 2.604973
0.539425 6.646711 0.913297 2.586305
0.544260 6.494308 0.912217 2.519769
0.549092 6.466505 0.893764 2.518234
0.553923 6.161242 1.034552 2.297073
0.558753 6.256846 0.854682 2.440465
0.563582 6.143982 0.829462 2.405439
0.568411 6.070730 0.822907 2.375191
0.573240 5.950846 0.825457 2.326050
0.578069 5.741257 0.939250 2.164795
0.582898 5.713815 0.825477 2.215362
0.587729 5.607180 0.779478 2.187689
0.592561 5.450708 0.824926 2.090723
0.597394 5.376184 0.807351 2.066296
0.602229 5.309748 0.771580 2.054860
0.607067 5.164307 0.707802 2.026413
0.611907 5.067928 0.703604 1.981401
0.616750 4.835387 0.546634 1.957509
0.621596 4.755174 0.533077 1.924960
0.626446 4.777008 0.712974 1.841816
0.631299 4.684607 0.686846 1.814355
0.636157 4.611096 0.630878 1.807112
0.641018 4.538586 0.618915 1.777012
0.645885 4.437531 0.607647 1.738200
0.650756 4.361670 0.592532 1.708944
0.655632 4.262283 0.579519 1.668030
0.660514 4.171017 0.593992 1.617530
0.665401 4.121036 0.541673 1.622329
0.670295 4.058480 0.537758 1.595067
0.675194 3.969402 0.598035 1.524000
0.680101 3.902020 0.589887 1.491760
0.685013 3.809766 0.581755 1.454236
0.689933 3.798986 0.526254 1.474882
0.694860 3.715573 0.515340 1.442900
0.699795 3.655585 0.504548 1.420256
0.704737 3.574447 0.494764 1.388807
0.709687 3.498442 0.473280 1.364331
0.714646 3.419853 0.469272 1.326985
0.719613 3.359685 0.461469 1.302992
0.724589 3.277036 0.455637 1.271207
0.729573 3.219990 0.443030 1.251177
0.734567 3.136228 0.417299 1.227039
0.739570 3.093231 0.400063 1.216400
0.744583 3.024608 0.393376 1.188168
0.749606 2.973036 0.376661 1.172813
0.754639 2.904255 0.368374 1.142653
0.759682 2.853017 0.359823 1.122321
0.764735 2.793455 0.355122 1.099240
0.769800 2.735621 0.357516 1.074446
0.774875 2.676771 0.348664 1.053222
0.779962 2.561671 0.280459 1.036995
0.785060 2.506924 0.267800 1.015708
0.790169 2.457031 0.263724 0.997258
0.795291 2.411723 0.278595 0.970333
0.800424 2.363500 0.271090 0.951944
0.805570 2.304125 0.261443 0.930534
0.810728 2.235219 0.277224 0.888933
0.815899 2.205229 0.252880 0.889015
0.821083 2.157281 0.251015 0.868188
0.826280 2.109048 0.248522 0.847253
0.831491 2.061145 0.237706 0.830763
0.836715 2.011741 0.233574 0.809338
0.841952 1.963347 0.227794 0.791428
0.847204 1.911647 0.214218 0.773368
0.852469 1.870708 0.213999 0.754956
0.857749 1.804143 0.217271 0.719991
0.863044 1.758259 0.221725 0.697950
0.868353 1.728280 0.226031 0.682775
0.873677 1.691179 0.190779 0.684663
0.879017 1.634020 0.196773 0.655732
0.884371 1.585922 0.197794 0.634480
0.889741 1.547352 0.189389 0.620855
0.895127 1.499085 0.176302 0.606316
0.900529 1.450891 0.184286 0.578786
0.905947 1.403735 0.166417 0.566779
0.911381 1.350892 0.178592 0.537727
0.916832 1.304733 0.157543 0.530452
0.922300 1.263406 0.167967 0.508547
0.927784 1.201870 0.179724 0.475881
0.933286 1.151230 0.169729 0.458553
0.938804 1.105522 0.171464 0.436458
0.944340 1.053248 0.160422 0.419488
0.949894 1.021899 0.166353 0.403506
0.955466 0.968535 0.134962 0.393166
0.961056 0.930387 0.134067 0.377569
0.966664 0.864887 0.133317 0.347540
0.972290 0.821099 0.121627 0.332677
0.977935 0.758093 0.118284 0.305770
0.983599 0.702777 0.122192 0.277774
0.989282 0.645603 0.133005 0.246423
0.994984 0.581415 0.125019 0.222382
1.000705 0.605139 0.125222 0.232993
